Data Recorder CSV-File Format
PC Time (yyyy:mm:dd/h m s ms);2020/2/5 13h45m47s
Last Sample (d h m s ms);2h4m39s796ms
Sampling Rate (h m s ms);20ms
Minimum Sampling Time (h m s ms);0ms
Average Sampling Time (h m s ms);31ms
Maximum Sampling Time (h m s ms);63ms
Channel(s);8
Description;TYPE;Color;Width;0-Axis; Lowest Value; Highest Value; Address
h1_line_speed;REAL;0;0;5;0,;286,9656372;DLD0
h1_product_len;REAL;255;0;30;14,8419323;591,5266724;DLD2
h1_tension_1_avg;REAL;65280;0;55;526,6845093;561,9533691;DDT1038
h1_on_baord_ten_raw;REAL;16711680;0;80;0,5568000078;0,6047999859;DDT1104
h1_wrap_ten;REAL;8421504;0;105;-4,879947186;0,4807486832;DDT1130
h1_std_dev;REAL;8750591;0;130;1,606152207e-002;0,3629674613;DDT1132
h1_tape_ten_vdc;REAL;26367;0;155;0,;0,;DDT1080
h1_flyer_rpm;REAL;32768;0;180;0,;459,1450195;DDT1066
Number of Samples;239400

Time;h1_line_speed;h1_product_len;h1_tension_1_avg;h1_on_baord_ten_raw;h1_wrap_ten;h1_std_dev;h1_tape_ten_vdc;h1_flyer_rpm;

0:0:0:0;57,52884674;14,8419323;540,8379517;0,5735999942;-3,10403347;0,1910122782;0,;92,04615784;
0:0:0:31;57,52884674;14,8419323;541,0411987;0,5744000077;-3,104598045;0,1905465722;0,;92,04615784;
0:0:0:78;57,52884674;14,8419323;541,2133179;0,5751999617;-3,103092194;0,1920596808;0,;92,04615784;
0:0:0:109;57,52884674;14,84337711;541,3591919;0,5751999617;-3,100832462;0,193874523;0,;92,04615784;
0:0:0:140;57,52884674;14,84337711;541,5631104;0,5759999752;-3,098007679;0,196263209;0,;92,04615784;
0:0:0:171;57,52884674;14,84337711;541,8300171;0,5759999752;-3,094240904;0,1991044581;0,;92,04615784;
0:0:0:203;57,52884674;14,84505272;542,1621094;0,5759999752;-3,088402987;0,2016283721;0,;92,04615784;
0:0:0:234;57,52884674;14,84505272;542,4031372;0,5751999617;-3,083129644;0,2027922422;0,;92,04615784;
0:0:0:265;57,52884674;14,84505272;542,6428223;0,5751999617;-3,078610182;0,2026281059;0,;92,04615784;
0:0:0:296;57,52884674;14,84672832;542,8522949;0,5744000077;-3,074655294;0,2017439753;0,;92,04615784;
0:0:0:328;57,52884674;14,84672832;543,1308594;0,5735999942;-3,071077347;0,200987041;0,;92,04615784;
0:0:0:359;57,52884674;14,84672832;543,3126831;0,5735999942;-3,068817616;0,2002509832;0,;92,04615784;
0:0:0:390;57,52884674;14,84817314;543,463623;0,5727999806;-3,067687988;0,199872762;0,;92,04615784;
0:0:0:421;57,52884674;14,84817314;543,6410522;0,5719999671;-3,06806469;0,1999106109;0,;92,04615784;
0:0:0:453;57,52884674;14,84817314;543,7492065;0,5712000132;-3,070136309;0,2002416104;0,;92,04615784;
0:0:0:484;57,52884674;14,84984875;543,8648071;0,5703999996;-3,073525906;0,2009602636;0,;92,04615784;
0:0:0:515;57,52884674;14,84984875;544,0374146;0,5712000132;-3,077857256;0,2014500648;0,;92,04615784;
0:0:0:546;57,52884674;14,84984875;544,3259277;0,5712000132;-3,082564116;0,2005351186;0,;92,04615784;
0:0:0:578;57,52884674;14,85152435;544,6466675;0,5719999671;-3,085953474;0,1998048723;0,;92,04615784;
0:0:0:609;57,52884674;14,85152435;544,9211426;0,5719999671;-3,088589668;0,1988387853;0,;92,04615784;
0:0:0:640;57,52884674;14,85152435;545,1084595;0,5727999806;-3,090472937;0,1982013136;0,;92,04615784;
0:0:0:671;57,52884674;14,85296917;545,3511353;0,5744000077;-3,091414213;0,1976059377;0,;92,04615784;
0:0:0:703;57,52884674;14,85296917;545,4866943;0,5751999617;-3,090661287;0,1981541067;0,;92,04615784;
0:0:0:734;57,52884674;14,85296917;545,6552124;0,5751999617;-3,088401556;0,1997729391;0,;92,04615784;
0:0:0:765;57,52884674;14,85464478;545,8378906;0,5751999617;-3,085577011;0,2017430067;0,;92,04615784;
0:0:0:796;57,52884674;14,85464478;545,9816895;0,5751999617;-3,082564116;0,2030826807;0,;92,04615784;
0:0:0:828;57,52884674;14,85464478;546,1890869;0,5751999617;-3,078986883;0,2039539069;0,;92,04615784;
0:0:0:859;57,52884674;14,85632038;546,4156494;0,5751999617;-3,074655771;0,2039292306;0,;92,04615784;
0:0:0:890;57,52884674;14,85632038;546,7132568;0,5751999617;-3,069006443;0,2034745365;0,;92,04615784;
0:0:0:921;57,52884674;14,85632038;546,9768677;0,5744000077;-3,064863205;0,202603966;0,;92,04615784;
0:0:0:953;57,52884674;14,8577652;547,2362671;0,5744000077;-3,061096668;0,201255098;0,;92,04615784;
0:0:0:984;57,52884674;14,8577652;547,4682617;0,5735999942;-3,058460236;0,2002636641;0,;92,04615784;
0:0:1:14;57,52884674;14,8577652;547,7593994;0,5727999806;-3,055824041;0,199143365;0,;92,04615784;
0:0:1:46;57,52884674;14,8594408;547,8937988;0,5719999671;-3,055259228;0,1989169419;0,;92,04615784;
0:0:1:78;57,52884674;14,8594408;547,984436;0,5719999671;-3,055824041;0,199143365;0,;92,04615784;
0:0:1:108;57,52884674;14,8594408;548,0614624;0,5703999996;-3,058271885;0,2001028061;0,;92,04615784;
0:0:1:139;57,52884674;14,86111641;548,0879517;0,5712000132;-3,061850071;0,2012672275;0,;92,04615784;
0:0:1:171;57,52884674;14,86111641;548,1426392;0,5712000132;-3,064862728;0,2016392201;0,;92,04615784;
0:0:1:203;57,52884674;14,86111641;548,2203979;0,5712000132;-3,067875385;0,2019649595;0,;92,04615784;
0:0:1:234;57,52884674;14,86256123;548,432251;0,5719999671;-3,071076632;0,2018667608;0,;92,04615784;
0:0:1:264;57,52884674;14,86256123;548,7520142;0,5727999806;-3,073148012;0,2014609426;0,;92,04615784;
0:0:1:296;57,52884674;14,86256123;548,9798584;0,5735999942;-3,074654579;0,2008630782;0,;92,04615784;
0:0:1:328;57,52884674;14,86256123;549,2771606;0,5744000077;-3,074654579;0,2008630782;0,;92,04615784;
0:0:1:343;57,52884674;14,86256123;549,5205078;0,5751999617;-3,073148012;0,2018126249;0,;92,04615784;
0:0:1:389;57,52884674;14,86256123;549,6915283;0,5751999617;-3,070888519;0,203207314;0,;92,04615784;
0:0:1:421;57,52884674;14,86256123;549,8505249;0,5751999617;-3,067875385;0,2043212354;0,;92,04615784;
0:0:1:453;57,52884674;14,86423683;549,9716187;0,5751999617;-3,063921213;0,2059220672;0,;92,04615784;
0:0:1:468;57,52884674;14,86423683;550,0340576;0,5751999617;-3,060154915;0,2063039988;0,;92,04615784;
0:0:1:500;57,52884674;14,86423683;550,1228638;0,5751999617;-3,055824041;0,2058841735;0,;92,04615784;
0:0:1:530;57,52884674;14,86591244;550,3065186;0,5751999617;-3,050174952;0,2049152702;0,;92,04615784;
0:0:1:578;57,52884674;14,86591244;550,53125;0,5744000077;-3,045844078;0,2038462907;0,;92,04615784;
0:0:1:593;57,52884674;14,86591244;550,7949219;0,5744000077;-3,04226613;0,2024139911;0,;92,04615784;
0:0:1:625;57,52884674;14,86733627;551,098877;0,5735999942;-3,039253473;0,2011787146;0,;92,04615784;
0:0:1:655;57,52884674;14,86733627;551,3110962;0,5727999806;-3,037746906;0,2004522979;0,;92,04615784;
0:0:1:687;57,52884674;14,86733627;551,4984741;0,5719999671;-3,037181854;0,200176686;0,;92,04615784;
0:0:1:718;57,52884674;14,86903286;551,62677;0,5719999671;-3,038123608;0,200547114;0,;92,04615784;
0:0:1:750;57,52884674;14,86903286;551,7280884;0,5712000132;-3,041324615;0,2014513612;0,;92,04615784;
0:0:1:780;57,52884674;14,86903286;551,739563;0,5703999996;-3,045279026;0,202549994;0,;92,04615784;
0:0:1:812;57,52884674;14,87070847;551,8149414;0,5712000132;-3,049233437;0,2031302154;0,;92,04615784;
0:0:1:843;57,52884674;14,87070847;551,9751587;0,5712000132;-3,052999496;0,2038165182;0,;92,04615784;
0:0:1:875;57,52884674;14,87070847;551,9252319;0,5719999671;-3,05582428;0,2038064152;0,;92,04615784;
0:0:1:905;57,52884674;14,8721323;551,9031982;0,5719999671;-3,058084011;0,2036308646;0,;92,04615784;
0:0:1:937;57,52884674;14,8721323;552,0675659;0,5727999806;-3,060343504;0,20316872;0,;92,04615784;
0:0:1:968;57,52884674;14,8721323;552,2194824;0,5735999942;-3,060720205;0,2031326592;0,;92,04615784;
0:0:2:0;57,52884674;14,87380791;552,3748169;0,5744000077;-3,060343504;0,2033431679;0,;92,04615784;
0:0:2:31;57,52884674;14,87380791;552,5305786;0,5751999617;-3,058460712;0,2043816;0,;92,04615784;
0:0:2:61;57,52884674;14,87380791;552,5930176;0,5751999617;-3,055259466;0,2057508677;0,;92,04615784;
0:0:2:92;57,52884674;14,87550449;552,5688477;0,5751999617;-3,052246332;0,2066233307;0,;92,04615784;
0:0:2:140;57,52884674;14,87550449;552,5528564;0,5751999617;-3,048480511;0,2067914903;0,;92,04615784;
0:0:2:170;57,52884674;14,87550449;552,569519;0,5751999617;-3,043961287;0,2058713585;0,;92,04615784;
0:0:2:186;57,52884674;14,87692833;552,428772;0,5744000077;-3,038312197;0,2045757025;0,;92,04615784;
0:0:2:217;57,52884674;14,87692833;552,3010864;0,5744000077;-3,034358025;0,2023911774;0,;92,04615784;
0:0:2:250;57,52884674;14,87692833;552,2794189;0,5735999942;-3,030968428;0,2006648034;0,;92,04615784;
0:0:2:281;57,52884674;14,87860394;552,2418213;0,5727999806;-3,028143883;0,1991710067;0,;92,04615784;
0:0:2:311;57,52884674;14,87860394;552,2635498;0,5727999806;-3,027013779;0,198380515;0,;92,04615784;
0:0:2:343;57,52884674;14,87860394;552,2978516;0,5719999671;-3,026260138;0,1979674548;0,;92,04615784;
0:0:2:375;57,52884674;14,88027954;552,2696533;0,5712000132;-3,02739048;0,1984962076;0,;92,04615784;
0:0:2:406;57,52884674;14,88027954;552,1885986;0,5712000132;-3,029650211;0,199708119;0,;92,04615784;
0:0:2:436;57,52884674;14,88027954;552,0568848;0,5712000132;-3,032286644;0,2007274926;0,;92,04615784;
0:0:2:468;57,52884674;14,88172436;551,8222046;0,5712000132;-3,036052704;0,201738894;0,;92,04615784;
0:0:2:500;57,52884674;14,88172436;551,6209717;0,5719999671;-3,038688898;0,2021393329;0,;92,04615784;
0:0:2:531;57,52884674;14,88172436;551,3990479;0,5719999671;-3,04057169;0,2023282498;0,;92,04615784;
0:0:2:561;57,52884674;14,88339996;551,1403809;0,5727999806;-3,04245472;0,2024999708;0,;92,04615784;
0:0:2:593;57,52884674;14,88339996;550,8497314;0,5735999942;-3,043207645;0,2024939209;0,;92,04615784;
0:0:2:625;57,52884674;14,88339996;550,6196899;0,5744000077;-3,042642832;0,2026738375;0,;92,04615784;
0:0:2:656;57,52884674;14,88507557;550,4299316;0,5751999617;-3,04076004;0,2033775449;0,;92,04615784;
0:0:2:686;57,52884674;14,88507557;550,1994629;0,5759999752;-3,036805868;0,2044621408;0,;92,04615784;
0:0:2:718;57,52884674;14,88507557;549,9862061;0,5759999752;-3,032663345;0,2057160139;0,;92,04615784;
0:0:2:750;57,52884674;14,88652039;549,711853;0,5751999617;-3,028709412;0,2057740837;0,;92,04615784;
0:0:2:781;57,52884674;14,88652039;549,376709;0,5751999617;-3,024190426;0,2044124603;0,;92,04615784;
0:0:2:811;57,52884674;14,88652039;549,0117798;0,5751999617;-3,017788172;0,2010654211;0,;92,04615784;
0:0:2:843;57,52884674;14,88819599;548,7901611;0,5744000077;-3,012515545;0,1978896707;0,;92,04615784;
0:0:2:875;57,52884674;14,88819599;548,5681763;0,5744000077;-3,008749485;0,1955026984;0,;92,04615784;
0:0:2:906;57,52884674;14,88819599;548,2560425;0,5735999942;-3,005172014;0,1927724779;0,;92,04615784;
0:0:2:936;57,52884674;14,8898716;547,9904175;0,5727999806;-3,003477573;0,19133991;0,;92,04615784;
0:0:2:968;57,52884674;14,8898716;547,7062988;0,5719999671;-3,002724171;0,1908187717;0,;92,04615784;
0:0:3:0;57,52884674;14,8898716;547,37854;0,5719999671;-3,003665686;0,1914694905;0,;92,04615784;
0:0:3:31;57,52884674;14,89131641;547,0911865;0,5712000132;-3,005925179;0,1927275658;0,;92,04615784;
0:0:3:61;57,52884674;14,89131641;546,7971191;0,5703999996;-3,009502888;0,1944443136;0,;92,04615784;
0:0:3:92;57,52884674;14,89131641;546,4967041;0,5703999996;-3,014021873;0,1962133795;0,;92,04615784;
0:0:3:125;57,52884674;14,89299202;546,0999756;0,5712000132;-3,019670725;0,1982574463;0,;92,04615784;
0:0:3:156;57,52884674;14,89299202;545,8283691;0,5712000132;-3,023436308;0,1986292303;0,;92,04615784;
0:0:3:186;57,52884674;14,89299202;545,5722046;0,5719999671;-3,026825428;0,1985453516;0,;92,04615784;
0:0:3:217;57,52884674;14,89299202;545,2420654;0,5727999806;-3,030214548;0,1976871938;0,;92,04615784;
0:0:3:250;57,52884674;14,89299202;544,9841919;0,5735999942;-3,03209734;0,1967036426;0,;92,04615784;
0:0:3:281;57,52884674;14,89299202;544,7536621;0,5751999617;-3,032850504;0,196195364;0,;92,04615784;
0:0:3:311;57,52884674;14,89466763;544,5463257;0,5759999752;-3,031909227;0,1969649941;0,;92,04615784;
0:0:3:343;57,52884674;14,89466763;544,3527222;0,5759999752;-3,029084444;0,1994966418;0,;92,04615784;
0:0:3:375;57,52884674;14,89466763;544,1984253;0,5759999752;-3,026071787;0,2014156878;0,;92,04615784;
0:0:3:406;57,52884674;14,89611244;544,0339355;0,5759999752;-3,022682667;0,2030634433;0,;92,04615784;
0:0:3:436;57,52884674;14,89611244;543,7786255;0,5759999752;-3,017221928;0,2039757222;0,;92,04615784;
0:0:3:468;57,52884674;14,89611244;543,5136719;0,5751999617;-3,012891054;0,2036826313;0,;92,04615784;
0:0:3:500;57,52884674;14,89778805;543,24823;0,5751999617;-3,00874877;0,2025405318;0,;92,04615784;
0:0:3:531;57,52884674;14,89778805;542,9504395;0,5744000077;-3,00535965;0,2016181201;0,;92,04615784;
0:0:3:561;57,52884674;14,89778805;542,6323853;0,5735999942;-3,002723455;0,2007793635;0,;92,04615784;
0:0:3:593;57,52884674;14,89946365;542,4034424;0,5727999806;-3,00178194;0,2003316432;0,;92,04615784;
0:0:3:625;57,52884674;14,89946365;542,2030029;0,5719999671;-3,001970291;0,2004570216;0,;92,04615784;
0:0:3:656;57,52884674;14,89946365;541,9931641;0,5712000132;-3,003853321;0,20143269;0,;92,04615784;
0:0:3:686;57,52884674;14,90090847;541,8668823;0,5703999996;-3,006865978;0,2030176669;0,;92,04615784;
0:0:3:718;57,52884674;14,90090847;541,762085;0,5703999996;-3,011385202;0,204770878;0,;92,04615784;
0:0:3:750;57,52884674;14,90090847;541,6321411;0,5703999996;-3,016093016;0,2067764103;0,;92,04615784;
0:0:3:781;57,52884674;14,90258408;541,3753662;0,5703999996;-3,022496223;0,2077079713;0,;92,04615784;
0:0:3:811;57,52884674;14,90258408;541,1036987;0,5712000132;-3,027581215;0,2078458667;0,;92,04615784;
0:0:3:843;57,52884674;14,90258408;540,8341064;0,5712000132;-3,032100916;0,207066521;0,;92,04615784;
0:0:3:875;57,52884674;14,90258408;540,5800171;0,5719999671;-3,035867214;0,2059089988;0,;92,04615784;
0:0:3:906;57,52884674;14,90425968;540,2937622;0,5727999806;-3,03888011;0,2050150931;0,;92,04615784;
0:0:3:936;57,52884674;14,90425968;540,0671387;0,5744000077;-3,039633274;0,2047626525;0,;92,04615784;
0:0:3:968;57,52884674;14,90425968;539,8463135;0,5751999617;-3,038880348;0,205188334;0,;92,04615784;
0:0:4:0;57,52884674;14,9057045;539,6375122;0,5751999617;-3,037374496;0,206200406;0,;92,04615784;
0:0:4:30;57,52884674;14,9057045;539,4121094;0,5751999617;-3,034549713;0,2074156851;0,;92,04615784;
0:0:4:62;57,52884674;14,9057045;539,2365112;0,5751999617;-3,031725407;0,2080746293;0,;92,04615784;
0:0:4:92;57,52884674;14,9073801;539,0584717;0,5751999617;-3,028147936;0,2080524117;0,;92,04615784;
0:0:4:125;57,52884674;14,9073801;538,7797241;0,5751999617;-3,022686958;0,2066123188;0,;92,04615784;
0:0:4:155;57,52884674;14,9073801;538,5339966;0,5744000077;-3,018544436;0,2056834698;0,;92,04615784;
0:0:4:187;57,52884674;14,90905571;538,2789917;0,5744000077;-3,015531778;0,20463866;0,;92,04615784;
0:0:4:217;57,52884674;14,90905571;538,0123291;0,5735999942;-3,013460159;0,2037602663;0,;92,04615784;
0:0:4:250;57,52884674;14,90905571;537,765564;0,5727999806;-3,011953592;0,2031140178;0,;92,04615784;
0:0:4:280;57,52884674;14,91050053;537,5758667;0,5727999806;-3,012142181;0,2031407952;0,;92,04615784;
0:0:4:312;57,52884674;14,91050053;537,4365234;0,5719999671;-3,013460636;0,203412354;0,;92,04615784;
0:0:4:343;57,52884674;14,91050053;537,3139038;0,5712000132;-3,015908718;0,2035562694;0,;92,04615784;
0:0:4:375;57,52884674;14,91217613;537,1386719;0,5712000132;-3,020615816;0,2040847689;0,;92,04615784;
0:0:4:405;57,52884674;14,91217613;537,0319824;0,5712000132;-3,024381399;0,204428494;0,;92,04615784;
0:0:4:437;57,52884674;14,91217613;536,8866577;0,5712000132;-3,028146982;0,2047019899;0,;92,04615784;
0:0:4:468;57,52884674;14,91385174;536,7128296;0,5719999671;-3,031724453;0,2047249228;0,;92,04615784;
0:0:4:500;57,52884674;14,91385174;536,4591675;0,5719999671;-3,035490274;0,2039959878;0,;92,04615784;
0:0:4:530;57,52884674;14,91385174;536,2251587;0,5727999806;-3,038126469;0,2031812072;0,;92,04615784;
0:0:4:562;57,52884674;14,91527557;535,9796753;0,5735999942;-3,039633036;0,2026738524;0,;92,04615784;
0:0:4:593;57,52884674;14,91527557;535,6434937;0,5744000077;-3,039821386;0,2025875747;0,;92,04615784;
0:0:4:625;57,52884674;14,91527557;535,3849487;0,5751999617;-3,038503647;0,2034481913;0,;92,04615784;
0:0:4:655;57,52884674;14,91697216;535,1803589;0,5751999617;-3,036620855;0,2044582516;0,;92,04615784;
0:0:4:687;57,52884674;14,91697216;535,0321045;0,5751999617;-3,033984661;0,205248192;0,;92,04615784;
0:0:4:718;57,52884674;14,91697216;534,8861694;0,5751999617;-3,030030489;0,2057627887;0,;92,04615784;
0:0:4:750;57,52884674;14,91864777;534,7820435;0,5751999617;-3,026076317;0,2052522302;0,;92,04615784;
0:0:4:780;57,52884674;14,91864777;534,6716309;0,5751999617;-3,021933794;0,2043863088;0,;92,04615784;
0:0:4:812;57,52884674;14,91864777;534,5386963;0,5744000077;-3,018733025;0,2035377771;0,;92,04615784;
0:0:4:843;57,52884674;14,9200716;534,2891846;0,5735999942;-3,015155315;0,2021497041;0,;92,04615784;
0:0:4:875;57,52884674;14,9200716;534,0452271;0,5735999942;-3,01364851;0,201598838;0,;92,04615784;
0:0:4:905;57,52884674;14,9200716;533,7373047;0,5727999806;-3,012895346;0,2013192922;0,;92,04615784;
0:0:4:937;57,52884674;14,92174721;533,4831543;0,5727999806;-3,013083458;0,2013451159;0,;92,04615784;
0:0:4:968;57,52884674;14,92174721;533,1987305;0,5712000132;-3,015154839;0,2017988563;0,;92,04615784;
0:0:5:0;57,52884674;14,92174721;533,0194702;0,5712000132;-3,018733025;0,2024022341;0,;92,04615784;
0:0:5:30;57,52884674;14,92174721;532,8723145;0,5703999996;-3,022498846;0,2027841061;0,;92,04615784;
0:0:5:62;57,52884674;14,92174721;532,7313843;0,5712000132;-3,026453257;0,203370735;0,;92,04615784;
0:0:5:92;57,52884674;14,92174721;532,6455078;0,5712000132;-3,031349421;0,2034033686;0,;92,04615784;
0:0:5:125;57,52884674;14,92486763;532,5802612;0,5719999671;-3,034926891;0,2033700347;0,;92,04615784;
0:0:5:155;57,52884674;14,92486763;532,4924316;0,5719999671;-3,037940025;0,2027414739;0,;92,04615784;
0:0:5:187;57,52884674;14,92486763;532,3273315;0,5727999806;-3,041140795;0,2016269267;0,;92,04615784;
0:0:5:217;57,52884674;14,92486763;532,1344604;0,5744000077;-3,042459011;0,2009177655;0,;92,04615784;
0:0:5:250;57,52884674;14,92486763;531,9014893;0,5751999617;-3,042082548;0,2012727112;0,;92,04615784;
0:0:5:280;57,52884674;14,92486763;531,6853027;0,5759999752;-3,040387869;0,2025899738;0,;92,04615784;
0:0:5:312;57,52884674;14,92654324;531,4371948;0,5759999752;-3,03699851;0,2051584572;0,;92,04615784;
0:0:5:343;57,52884674;14,92654324;531,2765503;0,5759999752;-3,033797264;0,2070478499;0,;92,04615784;
0:0:5:375;57,52884674;14,92654324;531,1777344;0,5759999752;-3,030030966;0,2085868567;0,;92,04615784;
0:0:5:405;57,52884674;14,92821884;531,1334229;0,5759999752;-3,02551198;0,2093157172;0,;92,04615784;
0:0:5:437;57,52884674;14,92821884;531,1531372;0,5759999752;-3,019109726;0,2089937478;0,;92,04615784;
0:0:5:468;57,52884674;14,92821884;531,1876831;0,5751999617;-3,014966488;0,2085154206;0,;92,04615784;
0:0:5:500;57,52884674;14,92966366;531,2119141;0,5744000077;-3,011200666;0,2080080956;0,;92,04615784;
0:0:5:530;57,52884674;14,92966366;531,2003174;0,5744000077;-3,008564234;0,2072697431;0,;92,04615784;
0:0:5:562;57,52884674;14,92966366;531,0985718;0,5735999942;-3,006492615;0,2065902352;0,;92,04615784;
0:0:5:593;57,52884674;14,93133926;530,9440918;0,5727999806;-3,005551338;0,2063446194;0,;92,04615784;
0:0:5:625;57,52884674;14,93133926;530,7827148;0,5719999671;-3,005927801;0,2064091563;0,;92,04615784;
0:0:5:655;57,52884674;14,93133926;530,6477661;0,5712000132;-3,007811069;0,2068931311;0,;92,04615784;
0:0:5:687;57,52884674;14,93301487;530,5595703;0,5712000132;-3,012330294;0,2077411711;0,;92,04615784;
0:0:5:718;57,52884674;14,93301487;530,5963745;0,5712000132;-3,016096115;0,2082286924;0,;92,04615784;
0:0:5:750;57,52884674;14,93301487;530,6776733;0,5719999671;-3,019297838;0,2080783397;0,;92,04615784;
0:0:5:780;57,52884674;14,93445969;530,8740845;0,5719999671;-3,023063898;0,2075867802;0,;92,04615784;
0:0:5:812;57,52884674;14,93445969;531,0748291;0,5727999806;-3,025511742;0,2068447471;0,;92,04615784;
0:0:5:843;57,52884674;14,93445969;531,2702637;0,5735999942;-3,027771235;0,2059730589;0,;92,04615784;
0:0:5:875;57,52884674;14,93613529;531,432373;0,5744000077;-3,028524399;0,2056759596;0,;92,04615784;
0:0:5:905;57,52884674;14,93613529;531,5587769;0,5751999617;-3,027771235;0,2061451226;0,;92,04615784;
0:0:5:937;57,52884674;14,93613529;531,6140137;0,5751999617;-3,026264906;0,2070719749;0,;92,04615784;
0:0:5:968;57,52884674;14,9378109;531,6559448;0,5759999752;-3,024005413;0,2079224735;0,;92,04615784;
0:0:6:0;57,52884674;14,9378109;531,7210083;0,5759999752;-3,020992756;0,2096917629;0,;92,04615784;
0:0:6:30;57,52884674;14,9378109;531,8463745;0,5751999617;-3,017038345;0,2103724629;0,;92,04615784;
0:0:6:62;57,52884674;14,93925571;532,0405884;0,5751999617;-3,013272047;0,2099066526;0,;92,04615784;
0:0:6:92;57,52884674;14,93925571;532,2987061;0,5751999617;-3,009505749;0,2093720138;0,;92,04615784;
0:0:6:125;57,52884674;14,93925571;532,6379395;0,5744000077;-3,004986525;0,2084696293;0,;92,04615784;
0:0:6:155;57,52884674;14,94093132;532,8725586;0,5744000077;-3,002350092;0,2076535374;0,;92,04615784;
0:0:6:187;57,52884674;14,94093132;533,090332;0,5735999942;-3,000655413;0,2070733458;0,;92,04615784;
0:0:6:217;57,52884674;14,94093132;533,3078003;0,5727999806;-2,999337435;0,2064678073;0,;92,04615784;
0:0:6:250;57,52884674;14,94260693;533,5668945;0,5727999806;-2,999525547;0,2065057158;0,;92,04615784;
0:0:6:280;57,52884674;14,94260693;533,769043;0,5719999671;-3,001220226;0,2069258839;0,;92,04615784;
0:0:6:312;57,52884674;14,94260693;533,9486694;0,5712000132;-3,004233122;0,2074843198;0,;92,04615784;
0:0:6:343;57,52884674;14,94260693;534,1455078;0,5712000132;-3,007998705;0,2081194222;0,;92,04615784;
0:0:6:375;57,52884674;14,94405174;534,4197388;0,5712000132;-3,013647795;0,2076635808;0,;92,04615784;
0:0:6:405;57,52884674;14,94405174;534,6888428;0,5719999671;-3,017225266;0,2075090706;0,;92,04615784;
0:0:6:437;57,52884674;14,94405174;534,9910278;0,5719999671;-3,020237923;0,2071505636;0,;92,04615784;
0:0:6:468;57,52884674;14,94572735;535,2609863;0,5727999806;-3,022874117;0,2065429091;0,;92,04615784;
0:0:6:500;57,52884674;14,94572735;535,5697021;0,5735999942;-3,025510073;0,2054688483;0,;92,04615784;
0:0:6:530;57,52884674;14,94572735;535,8135376;0,5744000077;-3,026075125;0,2052519917;0,;92,04615784;
0:0:6:562;57,52884674;14,94740295;536,0571899;0,5751999617;-3,02513361;0,2057845294;0,;92,04615784;
0:0:6:593;57,52884674;14,94740295;536,300354;0,5759999752;-3,022874117;0,2071428895;0,;92,04615784;
0:0:6:625;57,52884674;14,94740295;536,6144409;0,5759999752;-3,019108057;0,2093328387;0,;92,04615784;
0:0:6:655;57,52884674;14,94884777;536,8427124;0,5759999752;-3,015341759;0,2105927616;0,;92,04615784;
0:0:6:687;57,52884674;14,94884777;537,0817871;0,5759999752;-3,011199236;0,2113899589;0,;92,04615784;
0:0:6:718;57,52884674;14,94884777;537,3327637;0,5759999752;-3,006491661;0,2114253044;0,;92,04615784;
0:0:6:750;57,52884674;14,95052338;537,689209;0,5751999617;-3,000277519;0,2098062038;0,;92,04615784;
0:0:6:780;57,52884674;14,95052338;538,0014648;0,5744000077;-2,995758533;0,2078543156;0,;92,04615784;
0:0:6:812;57,52884674;14,95052338;538,2755127;0,5744000077;-2,992557526;0,2061858326;0,;92,04615784;
0:0:6:843;57,52884674;14,95219898;538,5712891;0,5735999942;-2,98954463;0,2047612518;0,;92,04615784;
0:0:6:875;57,52884674;14,95219898;538,7952271;0,5727999806;-2,988226652;0,2041643411;0,;92,04615784;
0:0:6:905;57,52884674;14,95219898;539,0033569;0,5727999806;-2,988414764;0,204213202;0,;92,04615784;
0:0:6:937;57,52884674;14,9536438;539,1906128;0,5719999671;-2,989732981;0,2046356946;0,;92,04615784;
0:0:6:968;57,52884674;14,9536438;539,3800659;0,5712000132;-2,993687153;0,2052430511;0,;92,04615784;
0:0:7:0;57,52884674;14,9536438;539,5001221;0,5712000132;-2,998206377;0,2052013725;0,;92,04615784;
0:0:7:30;57,52884674;14,9536438;539,6564941;0,5719999671;-3,002537012;0,2048521489;0,;92,04615784;
0:0:7:62;57,52884674;14,9536438;539,8480225;0,5719999671;-3,006303549;0,2037937939;0,;92,04615784;
0:0:7:92;57,52884674;14,9536438;540,0941772;0,5727999806;-3,010822773;0,2022482604;0,;92,04615784;
0:0:7:125;57,52884674;14,9553194;540,3081665;0,5727999806;-3,013647079;0,2008055747;0,;92,04615784;
0:0:7:155;57,52884674;14,9553194;540,5505981;0,5735999942;-3,015529871;0,1999934614;0,;92,04615784;
0:0:7:187;57,52884674;14,9553194;540,8365479;0,5744000077;-3,016471386;0,1994020045;0,;92,04615784;
0:0:7:217;57,52884674;14,95699501;541,2045898;0,5759999752;-3,015530109;0,2000821233;0,;92,04615784;
0:0:7:250;57,52884674;14,95699501;541,4313965;0,5759999752;-3,013082027;0,2018725276;0,;92,04615784;
0:0:7:280;57,52884674;14,95699501;541,5977783;0,5759999752;-3,010069132;0,2035322636;0,;92,04615784;
0:0:7:312;57,52884674;14,95843983;541,7362061;0,5759999752;-3,006303072;0,2046615779;0,;92,04615784;
0:0:7:343;57,52884674;14,95843983;541,8695068;0,5759999752;-3,000842333;0,2051315755;0,;92,04615784;
0:0:7:375;57,52884674;14,95843983;541,9429932;0,5759999752;-2,995569706;0,2040248364;0,;92,04615784;
0:0:7:405;57,52884674;14,96011543;542,0525513;0,5751999617;-2,990296841;0,2021618783;0,;92,04615784;
0:0:7:437;57,52884674;14,96011543;542,22052;0,5751999617;-2,985777378;0,1999097466;0,;92,04615784;
0:0:7:468;57,52884674;14,96011543;542,5113525;0,5744000077;-2,980880976;0,1964238733;0,;92,04615784;
0:0:7:500;57,52884674;14,96179104;542,7860107;0,5735999942;-2,978432894;0,1946570873;0,;92,04615784;
0:0:7:530;57,52884674;14,96179104;543,0610352;0,5727999806;-2,976549625;0,1933080554;0,;92,04615784;
0:0:7:562;57,52884674;14,96179104;543,3539429;0,5719999671;-2,975984812;0,1928427517;0,;92,04615784;
0:0:7:593;57,52884674;14,96321487;543,5541992;0,5719999671;-2,977114677;0,1935872883;0,;92,04615784;
0:0:7:625;57,52884674;14,96321487;543,7217407;0,5712000132;-2,979750872;0,1948036849;0,;92,04615784;
0:0:7:655;57,52884674;14,96321487;543,8759766;0,5712000132;-2,983516693;0,1959507018;0,;92,04615784;
0:0:7:687;57,52884674;14,96491146;544,022644;0,5719999671;-2,988223553;0,1972742379;0,;92,04615784;
0:0:7:718;57,52884674;14,96491146;544,1297607;0,5719999671;-2,99123621;0,1973400563;0,;92,04615784;
0:0:7:750;57,52884674;14,96491146;544,2543945;0,5727999806;-2,993872643;0,1970910132;0,;92,04615784;
0:0:7:780;57,52884674;14,96658707;544,4302979;0,5727999806;-2,996132374;0,1965394169;0,;92,04615784;
0:0:7:812;57,52884674;14,96658707;544,7349854;0,5744000077;-2,998203039;0,1956476271;0,;92,04615784;
0:0:7:843;57,52884674;14,96658707;545,0118408;0,5751999617;-2,99839139;0,1955078244;0,;92,04615784;
0:0:7:875;57,52884674;14,9680109;545,2697144;0,5759999752;-2,997262001;0,1961631477;0,;92,04615784;
0:0:7:905;57,52884674;14,9680109;545,458374;0,5759999752;-2,99500227;0,1978069395;0,;92,04615784;
0:0:7:937;57,52884674;14,9680109;545,697998;0,5759999752;-2,991235018;0,199573487;0,;92,04615784;
0:0:7:968;57,52884674;14,96968651;545,8137207;0,5759999752;-2,988033295;0,2007872015;0,;92,04615784;
0:0:8:0;57,52884674;14,96968651;545,9117432;0,5759999752;-2,98426652;0,2015204132;0,;92,04615784;
0:0:8:31;57,52884674;14,96968651;546,0176392;0,5759999752;-2,979935408;0,2014830709;0,;92,04615784;
0:0:8:61;57,52884674;14,97138309;546,1192017;0,5759999752;-2,974285841;0,2010077387;0,;92,04615784;
0:0:8:92;57,52884674;14,97138309;546,2558594;0,5751999617;-2,969954729;0,2003133893;0,;92,04615784;
0:0:8:125;57,52884674;14,97138309;546,4227905;0,5744000077;-2,966377497;0,1988274008;0,;92,04615784;
0:0:8:156;57,52884674;14,97280693;546,65979;0,5735999942;-2,963929176;0,1977103204;0,;92,04615784;
0:0:8:186;57,52884674;14,97280693;546,8845825;0,5727999806;-2,962799072;0,1969953924;0,;92,04615784;
0:0:8:217;57,52884674;14,97280693;547,1097412;0,5727999806;-2,962799072;0,1969953924;0,;92,04615784;
0:0:8:250;57,52884674;14,97448254;547,3952637;0,5719999671;-2,96487093;0,1979863495;0,;92,04615784;
0:0:8:281;57,52884674;14,97448254;547,598938;0,5712000132;-2,968071699;0,1993672997;0,;92,04615784;
0:0:8:311;57,52884674;14,97448254;547,7246094;0,5712000132;-2,971837521;0,2007077187;0,;92,04615784;
0:0:8:343;57,52884674;14,97448254;547,8129883;0,5719999671;-2,975603104;0,2019686103;0,;92,04615784;
0:0:8:375;57,52884674;14,97615814;547,8765259;0,5719999671;-2,979368925;0,2022773027;0,;92,04615784;
0:0:8:406;57,52884674;14,97615814;547,9404297;0,5727999806;-2,981817007;0,2020460069;0,;92,04615784;
0:0:8:436;57,52884674;14,97615814;548,0189209;0,5727999806;-2,984076738;0,201643154;0,;92,04615784;
0:0:8:468;57,52884674;14,97760296;548,1312256;0,5735999942;-2,985394478;0,201308012;0,;92,04615784;
0:0:8:500;57,52884674;14,97760296;548,3843994;0,5751999617;-2,985394478;0,2013960481;0,;92,04615784;
0:0:8:531;57,52884674;14,97760296;548,6390381;0,5759999752;-2,983700275;0,2022387236;0,;92,04615784;
0:0:8:561;57,52884674;14,97927856;548,9473877;0,5759999752;-2,981252432;0,2036281824;0,;92,04615784;
0:0:8:593;57,52884674;14,97927856;549,2075806;0,5767999887;-2,977674723;0,2056687921;0,;92,04615784;
0:0:8:625;57,52884674;14,97927856;549,4557495;0,5767999887;-2,972778797;0,2074538916;0,;92,04615784;
0:0:8:656;57,52884674;14,98095417;549,6070557;0,5767999887;-2,967882872;0,208003968;0,;92,04615784;
0:0:8:686;57,52884674;14,98095417;549,7388916;0,5759999752;-2,963175297;0,2076567709;0,;92,04615784;
0:0:8:718;57,52884674;14,98095417;549,8982544;0,5759999752;-2,957337856;0,2064041346;0,;92,04615784;
0:0:8:750;57,52884674;14,98239899;550,0126343;0,5751999617;-2,953383446;0,2050136477;0,;92,04615784;
0:0:8:781;57,52884674;14,98239899;550,1433105;0,5744000077;-2,949994087;0,2031809539;0,;92,04615784;
0:0:8:811;57,52884674;14,98239899;550,3276367;0,5735999942;-2,947922707;0,2021512687;0,;92,04615784;
0:0:8:843;57,52884674;14,98407459;550,5939941;0,5735999942;-2,946416378;0,2011854351;0,;92,04615784;
0:0:8:875;57,52884674;14,98407459;550,8237915;0,5727999806;-2,94660449;0,2012741119;0,;92,04615784;
0:0:8:906;57,52884674;14,98407459;551,0437012;0,5712000132;-2,948676109;0,2020584643;0,;92,04615784;
0:0:8:936;57,52884674;14,98407459;551,2877197;0,5712000132;-2,953571796;0,2039670944;0,;92,04615784;
0:0:8:968;57,52884674;14,98407459;551,4718018;0,5712000132;-2,958091021;0,2048124075;0,;92,04615784;
0:0:9:0;57,52884674;14,98407459;551,6481934;0,5719999671;-2,962422132;0,2053101659;0,;92,04615784;
0:0:9:31;57,52884674;14,9857502;551,7767944;0,5719999671;-2,966188192;0,2049918473;0,;92,04615784;
0:0:9:61;57,52884674;14,9857502;551,8828125;0,5727999806;-2,970707417;0,2043450773;0,;92,04615784;
0:0:9:92;57,52884674;14,9857502;551,9326172;0,5735999942;-2,973720551;0,2032759935;0,;92,04615784;
0:0:9:125;57,52884674;14,98719501;551,9779663;0,5744000077;-2,975414991;0,2023458183;0,;92,04615784;
0:0:9:156;57,52884674;14,98719501;552,0563354;0,5751999617;-2,975980043;0,2020028532;0,;92,04615784;
0:0:9:186;57,52884674;14,98719501;552,2637329;0,5759999752;-2,975038528;0,202661097;0,;92,04615784;
0:0:9:217;57,52884674;14,98887062;552,4868164;0,5759999752;-2,972967386;0,2039829195;0,;92,04615784;
0:0:9:250;57,52884674;14,98887062;552,7302246;0,5759999752;-2,970707655;0,2052972466;0,;92,04615784;
0:0:9:281;57,52884674;14,98887062;552,9824829;0,5759999752;-2,967130184;0,2066248506;0,;92,04615784;
0:0:9:311;57,52884674;14,99054623;553,1364136;0,5759999752;-2,963364124;0,2069578618;0,;92,04615784;
0:0:9:343;57,52884674;14,99054623;553,2314453;0,5759999752;-2,958844662;0,2062365711;0,;92,04615784;
0:0:9:375;57,52884674;14,99054623;553,2568359;0,5751999617;-2,954325438;0,2054139823;0,;92,04615784;
0:0:9:406;57,52884674;14,99199104;553,2284546;0,5744000077;-2,950182676;0,2041353583;0,;92,04615784;
0:0:9:436;57,52884674;14,99199104;553,1500854;0,5744000077;-2,947922945;0,2031137347;0,;92,04615784;
0:0:9:468;57,52884674;14,99199104;553,072998;0,5735999942;-2,946416616;0,202415362;0,;92,04615784;
0:0:9:500;57,52884674;14,99366665;552,9877319;0,5727999806;-2,945851564;0,2021501511;0,;92,04615784;
0:0:9:531;57,52884674;14,99366665;552,9650269;0,5719999671;-2,94698143;0,2028537691;0,;92,04615784;
0:0:9:561;57,52884674;14,99366665;553,0044556;0,5712000132;-2,949617863;0,2040567994;0,;92,04615784;
0:0:9:593;57,52884674;14,99534225;553,1104736;0,5712000132;-2,953383923;0,2057043463;0,;92,04615784;
0:0:9:625;57,52884674;14,99534225;553,3014526;0,5712000132;-2,958091497;0,2076492012;0,;92,04615784;
0:0:9:656;57,52884674;14,99534225;553,4624634;0,5719999671;-2,962610722;0,2083815187;0,;92,04615784;
0:0:9:686;57,52884674;14,99678707;553,5878296;0,5719999671;-2,965811968;0,2086272985;0,;92,04615784;
0:0:9:718;57,52884674;14,99678707;553,6401367;0,5727999806;-2,968636751;0,2088631243;0,;92,04615784;
0:0:9:750;57,52884674;14,99678707;553,6066895;0,5735999942;-2,971272707;0,2084876299;0,;92,04615784;
0:0:9:781;57,52884674;14,99846268;553,5108643;0,5744000077;-2,972779036;0,2079661787;0,;92,04615784;
0:0:9:811;57,52884674;14,99846268;553,4360962;0,5751999617;-2,972779036;0,2079661787;0,;92,04615784;
0:0:9:843;57,52884674;14,99846268;553,3809204;0,5759999752;-2,971272945;0,2085727155;0,;92,04615784;
0:0:9:875;57,52884674;15,00013828;553,3903198;0,5759999752;-2,968824863;0,2097753584;0,;92,04615784;
0:0:9:906;57,52884674;15,00013828;553,4398804;0,5759999752;-2,965812206;0,2107412815;0,;92,04615784;
0:0:9:936;57,52884674;15,00013828;553,4993896;0,5759999752;-2,962422848;0,2113523483;0,;92,04615784;
0:0:9:968;57,52884674;15,0015831;553,5326538;0,5759999752;-2,957338572;0,2111593485;0,;92,04615784;
0:0:10:0;57,52884674;15,0015831;553,5198975;0,5751999617;-2,952819586;0,2103232741;0,;92,04615784;
0:0:10:31;57,52884674;15,0015831;553,4552612;0,5751999617;-2,949054003;0,2087021619;0,;92,04615784;
0:0:10:61;57,52884674;15,00325871;553,2897949;0,5744000077;-2,945476294;0,2067435533;0,;92,04615784;
0:0:10:92;57,52884674;15,00325871;553,1409912;0,5735999942;-2,943593264;0,2056897879;0,;92,04615784;
0:0:10:125;57,52884674;15,00325871;552,9666748;0,5727999806;-2,942651749;0,2050679922;0,;92,04615784;
0:0:10:156;57,52884674;15,00493431;552,7427979;0,5719999671;-2,942840099;0,2052446157;0,;92,04615784;
0:0:10:186;57,52884674;15,00493431;552,4436646;0,5712000132;-2,94491148;0,2065673769;0,;92,04615784;
0:0:10:217;57,52884674;15,00493431;552,2248535;0,5712000132;-2,9483006;0,2084532678;0,;92,04615784;
0:0:10:250;57,52884674;15,00637913;551,9985352;0,5712000132;-2,952442884;0,2097423226;0,;92,04615784;
0:0:10:281;57,52884674;15,00637913;551,7627563;0,5712000132;-2,958091736;0,2107845992;0,;92,04615784;
0:0:10:311;57,52884674;15,00637913;551,5821533;0,5719999671;-2,962610722;0,2115059942;0,;92,04615784;
0:0:10:343;57,52884674;15,00805473;551,387085;0,5719999671;-2,96637702;0,2111943662;0,;92,04615784;
0:0:10:375;57,52884674;15,00805473;551,1593628;0,5727999806;-2,97014308;0,2108144909;0,;92,04615784;
0:0:10:406;57,52884674;15,00805473;550,7739868;0,5735999942;-2,9735322;0,2099081129;0,;92,04615784;
0:0:10:436;57,52884674;15,00973034;550,4598389;0,5744000077;-2,975038528;0,2093736529;0,;92,04615784;
0:0:10:468;57,52884674;15,00973034;550,1983032;0,5751999617;-2,974850416;0,2094831914;0,;92,04615784;
0:0:10:500;57,52884674;15,00973034;549,9702759;0,5751999617;-2,97390914;0,2099450082;0,;92,04615784;
0:0:10:531;57,52884674;15,01115417;549,7310791;0,5759999752;-2,971461296;0,2111697346;0,;92,04615784;
0:0:10:561;57,52884674;15,01115417;549,5824585;0,5759999752;-2,9684484;0,2121670842;0,;92,04615784;
0:0:10:593;57,52884674;15,01115417;549,4464722;0,5759999752;-2,965059042;0,2128162384;0,;92,04615784;
0:0:10:625;57,52884674;15,01285076;549,3672485;0,5759999752;-2,959974766;0,2126872838;0,;92,04615784;
0:0:10:656;57,52884674;15,01285076;549,3064575;0,5751999617;-2,955644131;0,2117387354;0,;92,04615784;
0:0:10:686;57,52884674;15,01285076;549,1945801;0,5751999617;-2,95206666;0,2104270607;0,;92,04615784;
0:0:10:718;57,52884674;15,01285076;549,0562744;0,5744000077;-2,949618578;0,2095432281;0,;92,04615784;
0:0:10:750;57,52884674;15,01285076;548,8249512;0,5735999942;-2,947547436;0,2084564716;0,;92,04615784;
0:0:10:781;57,52884674;15,01285076;548,6500854;0,5735999942;-2,94679451;0,2081165314;0,;92,04615784;
0:0:10:811;57,52884674;15,01285076;548,4441528;0,5727999806;-2,946982622;0,2082019448;0,;92,04615784;
0:0:10:843;57,52884674;15,0159502;548,1416626;0,5719999671;-2,949054003;0,2091264129;0,;92,04615784;
0:0:10:875;57,52884674;15,0159502;547,864502;0,5712000132;-2,952443123;0,2102487832;0,;92,04615784;
0:0:10:906;57,52884674;15,0159502;547,6218262;0,5712000132;-2,956962109;0,211093232;0,;92,04615784;
0:0:10:936;57,52884674;15,0159502;547,4628296;0,5719999671;-2,961481094;0,2118375748;0,;92,04615784;
0:0:10:968;57,52884674;15,0159502;547,3123779;0,5719999671;-2,966188908;0,2114629149;0,;92,04615784;
0:0:11:0;57,52884674;15,0159502;547,2458496;0,5719999671;-2,969954967;0,2110871822;0,;92,04615784;
0:0:11:31;57,52884674;15,01762581;547,1585693;0,5727999806;-2,973344564;0,2103539258;0,;92,04615784;
0:0:11:61;57,52884674;15,01762581;546,9650879;0,5735999942;-2,976356983;0,2092775404;0,;92,04615784;
0:0:11:92;57,52884674;15,01762581;546,7140503;0,5744000077;-2,977674484;0,2087491155;0,;92,04615784;
0:0:11:125;57,52884674;15,0193224;546,409668;0,5751999617;-2,977298021;0,208973676;0,;92,04615784;
0:0:11:156;57,52884674;15,0193224;546,0986938;0,5751999617;-2,97598052;0,2094997168;0,;92,04615784;
0:0:11:186;57,52884674;15,0193224;545,8016968;0,5751999617;-2,973909616;0,2101136297;0,;92,04615784;
0:0:11:217;57,52884674;15,02074623;545,5956421;0,5751999617;-2,971649885;0,2103907019;0,;92,04615784;
0:0:11:250;57,52884674;15,02074623;545,4108276;0,5751999617;-2,968637228;0,2100480646;0,;92,04615784;
0:0:11:281;57,52884674;15,02074623;545,2573242;0,5751999617;-2,965059519;0,209372595;0,;92,04615784;
0:0:11:311;57,52884674;15,02242184;545,0749512;0,5744000077;-2,960352421;0,2076015323;0,;92,04615784;
0:0:11:343;57,52884674;15,02242184;544,9819336;0,5744000077;-2,957339764;0,2057155818;0,;92,04615784;
0:0:11:375;57,52884674;15,02242184;544,8803101;0,5735999942;-2,955456495;0,204765141;0,;92,04615784;
0:0:11:406;57,52884674;15,02409744;544,7324829;0,5735999942;-2,954137802;0,2040347159;0,;92,04615784;
0:0:11:436;57,52884674;15,02409744;544,5545654;0,5727999806;-2,953949213;0,2039545029;0,;92,04615784;
0:0:11:468;57,52884674;15,02409744;544,3154297;0,5719999671;-2,955079556;0,2046071738;0,;92,04615784;
0:0:11:500;57,52884674;15,02554226;544,0198975;0,5712000132;-2,95771575;0,2060405463;0,;92,04615784;
0:0:11:531;57,52884674;15,02554226;543,7103882;0,5703999996;-2,963176727;0,2086786032;0,;92,04615784;
0:0:11:561;57,52884674;15,02554226;543,4950562;0,5703999996;-2,968450308;0,2105733454;0,;92,04615784;
0:0:11:593;57,52884674;15,02721786;543,3193359;0,5703999996;-2,97372365;0,2123202384;0,;92,04615784;
0:0:11:625;57,52884674;15,02721786;543,1942139;0,5712000132;-2,978808641;0,2136190385;0,;92,04615784;
0:0:11:656;57,52884674;15,02721786;543,0337524;0,5712000132;-2,98445797;0,2139474303;0,;92,04615784;
0:0:11:686;57,52884674;15,02889347;542,9465332;0,5719999671;-2,988412857;0,2134664059;0,;92,04615784;
0:0:11:718;57,52884674;15,02889347;542,8460083;0,5727999806;-2,991991282;0,2125738859;0,;92,04615784;
0:0:11:750;57,52884674;15,02889347;542,6700439;0,5735999942;-2,995004416;0,2112434804;0,;92,04615784;
0:0:11:781;57,52884674;15,03033829;542,4665527;0,5744000077;-2,995568991;0,2109464109;0,;92,04615784;
0:0:11:811;57,52884674;15,03033829;542,2103882;0,5751999617;-2,995004416;0,2111595571;0,;92,04615784;
0:0:11:843;57,52884674;15,03033829;541,9349365;0,5751999617;-2,993309975;0,2117892504;0,;92,04615784;
0:0:11:875;57,52884674;15,03201389;541,6083374;0,5751999617;-2,99048543;0,2123869061;0,;92,04615784;
0:0:11:906;57,52884674;15,03201389;541,4157715;0,5751999617;-2,987472773;0,2123152614;0,;92,04615784;
0:0:11:936;57,52884674;15,03201389;541,2520752;0,5751999617;-2,983895302;0,2115463465;0,;92,04615784;
0:0:11:968;57,52884674;15,0336895;541,1019897;0,5744000077;-2,979376554;0,210102275;0,;92,04615784;
0:0:12:0;57,52884674;15,0336895;540,9995728;0,5744000077;-2,97655201;0,2087423354;0,;92,04615784;
0:0:12:31;57,52884674;15,0336895;540,8978882;0,5735999942;-2,974480391;0,2080045789;0,;92,04615784;
0:0:12:61;57,52884674;15,03513432;540,7802734;0,5735999942;-2,973538399;0,2076155692;0,;92,04615784;
0:0:12:92;57,52884674;15,03513432;540,6403809;0,5727999806;-2,973161459;0,2074926049;0,;92,04615784;
0:0:12:125;57,52884674;15,03513432;540,3832397;0,5719999671;-2,974103451;0,2078842223;0,;92,04615784;
0:0:12:156;57,52884674;15,03680992;540,1309204;0,5712000132;-2,976739645;0,208715573;0,;92,04615784;
0:0:12:186;57,52884674;15,03680992;539,8459473;0,5703999996;-2,980882406;0,2099492848;0,;92,04615784;
0:0:12:217;57,52884674;15,03680992;539,5078125;0,5703999996;-2,987473488;0,211730212;0,;92,04615784;
0:0:12:250;57,52884674;15,03848553;539,2769775;0,5712000132;-2,993122578;0,2112436146;0,;92,04615784;
0:0:12:281;57,52884674;15,03848553;539,0656738;0,5712000132;-2,998018265;0,2106200308;0,;92,04615784;
0:0:12:311;57,52884674;15,03848553;538,8936768;0,5719999671;-3,003102779;0,2095772624;0,;92,04615784;
0:0:12:343;57,52884674;15,03993034;538,7011108;0,5719999671;-3,007998943;0,2079488784;0,;92,04615784;
0:0:12:375;57,52884674;15,03993034;538,6294556;0,5735999942;-3,01120019;0,2064681053;0,;92,04615784;
0:0:12:406;57,52884674;15,03993034;538,5418701;0,5744000077;-3,012894869;0,2054160535;0,;92,04615784;
0:0:12:436;57,52884674;15,04160595;538,4334717;0,5744000077;-3,01327157;0,2051223367;0,;92,04615784;
0:0:12:468;57,52884674;15,04160595;538,2360229;0,5751999617;-3,012141705;0,2058286816;0,;92,04615784;
0:0:12:500;57,52884674;15,04160595;538,00354;0,5751999617;-3,010635138;0,206642732;0,;92,04615784;
0:0:12:531;57,52884674;15,04328156;537,7636108;0,5751999617;-3,008563995;0,2073552758;0,;92,04615784;
0:0:12:561;57,52884674;15,04328156;537,4857788;0,5751999617;-3,004797697;0,2074987441;0,;92,04615784;
0:0:12:593;57,52884674;15,04328156;537,2658691;0,5751999617;-3,001031399;0,2068036348;0,;92,04615784;
0:0:12:625;57,52884674;15,04472637;537,0696411;0,5744000077;-2,997830153;0,2056405097;0,;92,04615784;
0:0:12:656;57,52884674;15,04472637;536,9107056;0,5744000077;-2,995005369;0,2045056522;0,;92,04615784;
0:0:12:686;57,52884674;15,04472637;536,7596436;0,5735999942;-2,99293375;0,2036796063;0,;92,04615784;
0:0:12:718;57,52884674;15,04472637;536,6937866;0,5735999942;-2,991615534;0,2031014562;0,;92,04615784;
0:0:12:750;57,52884674;15,04472637;536,6539307;0,5727999806;-2,991427183;0,2030552924;0,;92,04615784;
0:0:12:781;57,52884674;15,04472637;536,6043091;0,5719999671;-2,992745399;0,2034608722;0,;92,04615784;
0:0:12:811;57,52884674;15,04640198;536,475769;0,5712000132;-2,996323347;0,2042785883;0,;92,04615784;
0:0:12:843;57,52884674;15,04640198;536,2709351;0,5712000132;-3,000277996;0,2048467547;0,;92,04615784;
0:0:12:875;57,52884674;15,04640198;536,0119019;0,5712000132;-3,004797459;0,2046596408;0,;92,04615784;
0:0:12:906;57,52884674;15,04807758;535,7381592;0,5712000132;-3,009316683;0,2043724358;0,;92,04615784;
0:0:12:936;57,52884674;15,04807758;535,442627;0,5719999671;-3,014212608;0,2030771375;0,;92,04615784;
0:0:12:968;57,52884674;15,04807758;535,2231445;0,5727999806;-3,017978668;0,201791048;0,;92,04615784;
0:0:13:0;57,52884674;15,0495224;535,0323486;0,5727999806;-3,020991564;0,1999978125;0,;92,04615784;
0:0:13:31;57,52884674;15,0495224;534,8561401;0,5735999942;-3,023439407;0,1980927885;0,;92,04615784;
0:0:13:61;57,52884674;15,0495224;534,6923218;0,5751999617;-3,024569035;0,1972042918;0,;92,04615784;
0:0:13:92;57,52884674;15,05119801;534,6077271;0,5759999752;-3,02381587;0,1978574544;0,;92,04615784;
0:0:13:125;57,52884674;15,05119801;534,4903564;0,5759999752;-3,021933079;0,1996468902;0,;92,04615784;
0:0:13:156;57,52884674;15,05119801;534,359436;0,5759999752;-3,019484997;0,201518923;0,;92,04615784;
0:0:13:186;57,52884674;15,05287361;534,1573486;0,5759999752;-3,015342474;0,2034850419;0,;92,04615784;
0:0:13:217;57,52884674;15,05287361;533,9909668;0,5759999752;-3,011388302;0,2045107633;0,;92,04615784;
0:0:13:250;57,52884674;15,05287361;533,800354;0,5751999617;-3,007245302;0,2043862492;0,;92,04615784;
0:0:13:281;57,52884674;15,05431843;533,5618896;0,5744000077;-3,00272584;0,203411147;0,;92,04615784;
0:0:13:311;57,52884674;15,05431843;533,3563232;0,5744000077;-2,999712944;0,2021187246;0,;92,04615784;
0:0:13:343;57,52884674;15,05431843;533,19104;0,5735999942;-2,997829676;0,2015477717;0,;92,04615784;
0:0:13:375;57,52884674;15,05431843;533,0891113;0,5727999806;-2,996511221;0,2009955049;0,;92,04615784;
0:0:13:406;57,52884674;15,05599403;533,0038452;0,5727999806;-2,996699572;0,2010369599;0,;92,04615784;
0:0:13:436;57,52884674;15,05599403;532,9658813;0,5719999671;-2,998017788;0,2015877813;0,;92,04615784;
0:0:13:468;57,52884674;15,05599403;532,9349976;0,5712000132;-3,000842571;0,2026971728;0,;92,04615784;
0:0:13:500;57,52884674;15,05766964;532,8766479;0,5703999996;-3,005173206;0,2042928338;0,;92,04615784;
0:0:13:531;57,52884674;15,05766964;532,7224731;0,5703999996;-3,01157546;0,2055762708;0,;92,04615784;
0:0:13:561;57,52884674;15,05766964;532,5324707;0,5712000132;-3,016471148;0,2057044208;0,;92,04615784;
0:0:13:593;57,52884674;15,05909348;532,2885742;0,5712000132;-3,020990133;0,2051613778;0,;92,04615784;
0:0:13:625;57,52884674;15,05909348;532,0090332;0,5719999671;-3,026074409;0,2037784606;0,;92,04615784;
0:0:13:656;57,52884674;15,05909348;531,7846069;0,5727999806;-3,029275417;0,2019808888;0,;92,04615784;
0:0:13:686;57,52884674;15,06079006;531,6165161;0,5735999942;-3,030969858;0,2010181099;0,;92,04615784;
0:0:13:718;57,52884674;15,06079006;531,5161133;0,5744000077;-3,03153491;0,2006924301;0,;92,04615784;
0:0:13:750;57,52884674;15,06079006;531,4572754;0,5759999752;-3,030405283;0,2015171051;0,;92,04615784;
0:0:13:781;57,52884674;15,06246567;531,4760742;0,5759999752;-3,028145552;0,2032244205;0,;92,04615784;
0:0:13:811;57,52884674;15,06246567;531,5203857;0,5759999752;-3,024944305;0,2049932927;0,;92,04615784;
0:0:13:843;57,52884674;15,06246567;531,5361328;0,5759999752;-3,021178246;0,2063862383;0,;92,04615784;
0:0:13:875;57,52884674;15,0638895;531,4857788;0,5759999752;-3,015717745;0,2072444707;0,;92,04615784;
0:0:13:906;57,52884674;15,0638895;531,4146729;0,5751999617;-3,011386871;0,2074377388;0,;92,04615784;
0:0:13:936;57,52884674;15,0638895;531,3457031;0,5751999617;-3,007621288;0,2068626285;0,;92,04615784;
0:0:13:968;57,52884674;15,06556511;531,307251;0,5744000077;-3,004044056;0,2060791254;0,;92,04615784;
0:0:14:0;57,52884674;15,06556511;531,2980957;0,5735999942;-3,001030922;0,2053416222;0,;92,04615784;
0:0:14:31;57,52884674;15,06556511;531,3329468;0,5735999942;-2,999524593;0,2046952099;0,;92,04615784;
0:0:14:61;57,52884674;15,0672617;531,40979;0,5727999806;-2,999147892;0,2046183348;0,;92,04615784;
0:0:14:92;57,52884674;15,0672617;531,5152588;0,5719999671;-3,000089645;0,2048957944;0,;92,04615784;
0:0:14:125;57,52884674;15,0672617;531,5645142;0,5712000132;-3,00272584;0,2054062337;0,;92,04615784;
0:0:14:156;57,52884674;15,06868553;531,5737305;0,5712000132;-3,006491423;0,2060748786;0,;92,04615784;
0:0:14:186;57,52884674;15,06868553;531,5626221;0,5712000132;-3,010633707;0,2062137127;0,;92,04615784;
0:0:14:217;57,52884674;15,06868553;531,473999;0,5719999671;-3,016094446;0,205486536;0,;92,04615784;
0:0:14:250;57,52884674;15,07036114;531,387085;0,5719999671;-3,019860506;0,2041811198;0,;92,04615784;
0:0:14:281;57,52884674;15,07036114;531,2816162;0,5727999806;-3,023250103;0,202589944;0,;92,04615784;
0:0:14:311;57,52884674;15,07036114;531,1870728;0,5727999806;-3,02626276;0,2007245719;0,;92,04615784;
0:0:14:343;57,52884674;15,07203674;531,1353149;0,5735999942;-3,028710127;0,1995627135;0,;92,04615784;
0:0:14:375;57,52884674;15,07203674;531,1346436;0,5751999617;-3,029086828;0,1993193626;0,;92,04615784;
0:0:14:406;57,52884674;15,07203674;531,1865845;0,5751999617;-3,027957201;0,2001355141;0,;92,04615784;
0:0:14:436;57,52884674;15,07348156;531,3631592;0,5751999617;-3,026074409;0,2013277262;0,;92,04615784;
0:0:14:468;57,52884674;15,07348156;531,5482788;0,5751999617;-3,024003506;0,2022168636;0,;92,04615784;
0:0:14:500;57,52884674;15,07348156;531,7498169;0,5751999617;-3,02136755;0,2028518468;0,;92,04615784;
0:0:14:531;57,52884674;15,07515717;531,9656372;0,5751999617;-3,018166542;0,2030391991;0,;92,04615784;
0:0:14:561;57,52884674;15,07515717;532,1442261;0,5751999617;-3,013459444;0,2024508119;0,;92,04615784;
0:0:14:593;57,52884674;15,07515717;532,2008667;0,5744000077;-3,010070324;0,2016072124;0,;92,04615784;
0:0:14:625;57,52884674;15,07515717;532,1987915;0,5735999942;-3,007810593;0,2012458593;0,;92,04615784;
0:0:14:656;57,52884674;15,07515717;532,1280518;0,5735999942;-3,006115675;0,2006928772;0,;92,04615784;
0:0:14:686;57,52884674;15,07515717;532,0335083;0,5727999806;-3,004609346;0,20015876;0,;92,04615784;
0:0:14:718;57,52884674;15,07683277;532,0109253;0,5727999806;-3,004797935;0,2001929879;0,;92,04615784;
0:0:14:750;57,52884674;15,07683277;532,0317993;0,5719999671;-3,005928278;0,2005716711;0,;92,04615784;
0:0:14:781;57,52884674;15,07683277;532,1427002;0,5712000132;-3,009694099;0,2013726681;0,;92,04615784;
0:0:14:811;57,52884674;15,07827759;532,2734985;0,5712000132;-3,013459682;0,201924935;0,;92,04615784;
0:0:14:843;57,52884674;15,07827759;532,3388672;0,5712000132;-3,017225266;0,2024055272;0,;92,04615784;
0:0:14:875;57,52884674;15,07827759;532,3807983;0,5719999671;-3,020614386;0,202427268;0,;92,04615784;
0:0:14:906;57,52884674;15,07995319;532,3708496;0,5719999671;-3,024380445;0,2018973529;0,;92,04615784;
0:0:14:936;57,52884674;15,07995319;532,2994385;0,5727999806;-3,027016878;0,2008672059;0,;92,04615784;
0:0:14:968;57,52884674;15,07995319;532,2438354;0,5735999942;-3,02908802;0,1999405771;0,;92,04615784;
0:0:15:0;57,52884674;15,0816288;532,1889038;0,5744000077;-3,030029297;0,19946298;0,;92,04615784;
0:0:15:31;57,52884674;15,0816288;532,1802368;0,5751999617;-3,029464483;0,199785769;0,;92,04615784;
0:0:15:61;57,52884674;15,0816288;532,2207642;0,5751999617;-3,027958632;0,2007547319;0,;92,04615784;
0:0:15:92;57,52884674;15,08307362;532,3096924;0,5751999617;-3,02607584;0,2016795129;0,;92,04615784;
0:0:15:125;57,52884674;15,08307362;532,4539185;0,5751999617;-3,023627996;0,2024475932;0,;92,04615784;
0:0:15:156;57,52884674;15,08307362;532,6854248;0,5751999617;-3,019485712;0,2025723457;0,;92,04615784;
0:0:15:186;57,52884674;15,08474922;532,8389282;0,5744000077;-3,015342951;0,2015594393;0,;92,04615784;
0:0:15:217;57,52884674;15,08474922;532,9666748;0,5744000077;-3,011388302;0,1994193494;0,;92,04615784;
0:0:15:250;57,52884674;15,08474922;533,0601807;0,5744000077;-3,006680012;0,1964164674;0,;92,04615784;
0:0:15:281;57,52884674;15,08642483;533,0855713;0,5735999942;-3,003666401;0,194045037;0,;92,04615784;
0:0:15:311;57,52884674;15,08642483;533,0835571;0,5727999806;-3,001595259;0,1925317496;0,;92,04615784;
0:0:15:343;57,52884674;15,08642483;533,0337524;0,5719999671;-3,00046587;0,1915572733;0,;92,04615784;
0:0:15:375;57,52884674;15,08786964;532,9848633;0,5719999671;-3,000653982;0,1916895509;0,;92,04615784;
0:0:15:406;57,52884674;15,08786964;532,9671631;0,5712000132;-3,002160072;0,1929225028;0,;92,04615784;
0:0:15:436;57,52884674;15,08786964;533,001709;0,5703999996;-3,005173445;0,1949674934;0,;92,04615784;
0:0:15:468;57,52884674;15,08786964;533,0935059;0,5703999996;-3,008939981;0,1974290907;0,;92,04615784;
0:0:15:500;57,52884674;15,08954525;533,2982788;0,5712000132;-3,014400959;0,1993130594;0,;92,04615784;
0:0:15:531;57,52884674;15,08954525;533,4736328;0,5712000132;-3,018166542;0,1997822225;0,;92,04615784;
0:0:15:561;57,52884674;15,08954525;533,5986938;0,5719999671;-3,021744013;0,1999838054;0,;92,04615784;
0:0:15:593;57,52884674;15,09122086;533,6675415;0,5727999806;-3,02475667;0,1995437741;0,;92,04615784;
0:0:15:625;57,52884674;15,09122086;533,6884155;0,5735999942;-3,027581215;0,1984196007;0,;92,04615784;
0:0:15:656;57,52884674;15,09122086;533,6489868;0,5744000077;-3,028146029;0,1981892586;0,;92,04615784;
0:0:15:686;57,52884674;15,09266567;533,6228027;0,5751999617;-3,027769566;0,1985214651;0,;92,04615784;
0:0:15:718;57,52884674;15,09266567;533,5889893;0,5759999752;-3,025510311;0,2002247274;0,;92,04615784;
0:0:15:750;57,52884674;15,09266567;533,5762329;0,5759999752;-3,02287364;0,2021177262;0,;92,04615784;
0:0:15:781;57,52884674;15,09434128;533,6289673;0,5759999752;-3,019859791;0,203920126;0,;92,04615784;
0:0:15:811;57,52884674;15,09434128;533,7007446;0,5759999752;-3,016093254;0,205227077;0,;92,04615784;
0:0:15:843;57,52884674;15,09434128;533,8251953;0,5759999752;-3,010255337;0,2054683268;0,;92,04615784;
0:0:15:875;57,52884674;15,09601688;533,9116821;0,5751999617;-3,00535965;0,2041522413;0,;92,04615784;
0:0:15:906;57,52884674;15,09601688;533,956604;0,5751999617;-3,001028538;0,2025593817;0,;92,04615784;
0:0:15:936;57,52884674;15,09601688;534,0046387;0,5744000077;-2,997638702;0,2015071362;0,;92,04615784;
0:0:15:968;57,52884674;15,0974617;534,0058594;0,5735999942;-2,994249344;0,1996828467;0,;92,04615784;
0:0:16:0;57,52884674;15,0974617;533,9663696;0,5727999806;-2,992931128;0,1990126371;0,;92,04615784;
0:0:16:30;57,52884674;15,0974617;533,8775024;0,5727999806;-2,992554665;0,1987427026;0,;92,04615784;
0:0:16:62;57,52884674;15,09913731;533,8030396;0,5712000132;-2,993684292;0,1992824525;0,;92,04615784;
0:0:16:92;57,52884674;15,09913731;533,7797241;0,5712000132;-2,997262239;0,2010726929;0,;92,04615784;
0:0:16:125;57,52884674;15,09913731;533,8335571;0,5712000132;-3,000840187;0,2019958347;0,;92,04615784;
0:0:16:155;57,52884674;15,10081291;533,9523315;0,5712000132;-3,004606247;0,2027106881;0,;92,04615784;
0:0:16:187;57,52884674;15,10081291;534,1647339;0,5719999671;-3,00931406;0,2035028785;0,;92,04615784;
0:0:16:217;57,52884674;15,10081291;534,364624;0,5719999671;-3,012326717;0,2032545954;0,;92,04615784;
0:0:16:250;57,52884674;15,10225773;534,5649414;0,5719999671;-3,015339613;0,2029612809;0,;92,04615784;
0:0:16:280;57,52884674;15,10225773;534,7528076;0,5727999806;-3,017410994;0,202602312;0,;92,04615784;
0:0:16:312;57,52884674;15,10225773;534,8948975;0,5735999942;-3,018917322;0,202335462;0,;92,04615784;
0:0:16:343;57,52884674;15,10393333;534,9509277;0,5744000077;-3,018540859;0,2024691403;0,;92,04615784;
0:0:16:375;57,52884674;15,10393333;534,9598389;0,5751999617;-3,017222643;0,2031920999;0,;92,04615784;
0:0:16:405;57,52884674;15,10393333;534,9423828;0,5751999617;-3,015339613;0,204006806;0,;92,04615784;
0:0:16:437;57,52884674;15,10393333;534,9268188;0,5751999617;-3,012138367;0,2047055513;0,;92,04615784;
0:0:16:468;57,52884674;15,10393333;534,9858398;0,5751999617;-3,008937597;0,2047466934;0,;92,04615784;
0:0:16:500;57,52884674;15,10393333;535,1073608;0,5744000077;-3,00535965;0,2039783597;0,;92,04615784;
0:0:16:530;57,52884674;15,10703278;535,3498535;0,5744000077;-3,00159359;0,2024080604;0,;92,04615784;
0:0:16:562;57,52884674;15,10703278;535,5925293;0,5735999942;-2,998957157;0,2009945661;0,;92,04615784;
0:0:16:593;57,52884674;15,10703278;535,8248291;0,5727999806;-2,997262001;0,2001008093;0,;92,04615784;
0:0:16:625;57,52884674;15,10703278;536,0426636;0,5727999806;-2,996508598;0,1995788664;0,;92,04615784;
0:0:16:655;57,52884674;15,10703278;536,2717896;0,5719999671;-2,996696949;0,1997099519;0,;92,04615784;
0:0:16:687;57,52884674;15,10703278;536,4226685;0,5719999671;-2,998015404;0,2003527284;0,;92,04615784;
0:0:16:718;57,52884674;15,10872936;536,5390015;0,5712000132;-3,000651836;0,2015192211;0,;92,04615784;
0:0:16:750;57,52884674;15,10872936;536,6430664;0,5703999996;-3,004794598;0,2032687664;0,;92,04615784;
0:0:16:780;57,52884674;15,10872936;536,8024292;0,5703999996;-3,011196613;0,2045703381;0,;92,04615784;
0:0:16:812;57,52884674;15,11040497;536,987915;0,5712000132;-3,016092539;0,2047084719;0,;92,04615784;
0:0:16:843;57,52884674;15,11040497;537,2191772;0,5712000132;-3,020611763;0,2041715235;0,;92,04615784;
0:0:16:875;57,52884674;15,11040497;537,4468994;0,5719999671;-3,024565935;0,2029638588;0,;92,04615784;
0:0:16:905;57,52884674;15,1118288;537,7564087;0,5727999806;-3,028708696;0,2015077323;0,;92,04615784;
0:0:16:937;57,52884674;15,1118288;537,9927979;0,5735999942;-3,030780077;0,200566873;0,;92,04615784;
0:0:16:968;57,52884674;15,1118288;538,2095337;0,5744000077;-3,03115654;0,2004089803;0,;92,04615784;
0:0:17:0;57,52884674;15,11352539;538,3768311;0,5751999617;-3,030591488;0,2008220404;0,;92,04615784;
0:0:17:30;57,52884674;15,11352539;538,5009766;0,5759999752;-3,028520584;0,2022862136;0,;92,04615784;
0:0:17:62;57,52884674;15,11352539;538,5593262;0,5759999752;-3,025507927;0,2041707784;0,;92,04615784;
0:0:17:92;57,52884674;15,115201;538,6193237;0,5759999752;-3,02211833;0,2057867944;0,;92,04615784;
0:0:17:125;57,52884674;15,115201;538,6817627;0,5759999752;-3,01684618;0,2068662345;0,;92,04615784;
0:0:17:155;57,52884674;15,115201;538,7709961;0,5751999617;-3,011950493;0,2062325776;0,;92,04615784;
0:0:17:187;57,52884674;15,11662483;538,9265747;0,5751999617;-3,007431746;0,2045041323;0,;92,04615784;
0:0:17:217;57,52884674;15,11662483;539,116333;0,5744000077;-3,003477335;0,2026792318;0,;92,04615784;
0:0:17:250;57,52884674;15,11662483;539,4144897;0,5735999942;-2,999899864;0,2010138929;0,;92,04615784;
0:0:17:280;57,52884674;15,11830044;539,6398315;0,5735999942;-2,998016834;0,1999097764;0,;92,04615784;
0:0:17:312;57,52884674;15,11830044;539,864502;0,5727999806;-2,997452021;0,1996097714;0,;92,04615784;
0:0:17:343;57,52884674;15,11830044;540,0302734;0,5719999671;-2,997828484;0,1996917129;0,;92,04615784;
0:0:17:375;57,52884674;15,11999702;540,1828003;0,5712000132;-3,000276327;0,2006491721;0,;92,04615784;
0:0:17:405;57,52884674;15,11999702;540,2429199;0,5712000132;-3,003853798;0,2015207857;0,;92,04615784;
0:0:17:437;57,52884674;15,11999702;540,2728882;0,5712000132;-3,007996321;0,2017168105;0,;92,04615784;
0:0:17:468;57,52884674;15,12142086;540,3526611;0,5712000132;-3,013644695;0,2012466788;0,;92,04615784;
0:0:17:500;57,52884674;15,12142086;540,4586792;0,5719999671;-3,017599106;0,2001594752;0,;92,04615784;
0:0:17:530;57,52884674;15,12142086;540,6162109;0,5719999671;-3,021365166;0,1987906098;0,;92,04615784;
0:0:17:562;57,52884674;15,12309647;540,8198242;0,5727999806;-3,024377584;0,1972782314;0,;92,04615784;
0:0:17:593;57,52884674;15,12309647;541,0758667;0,5744000077;-3,026637316;0,1958339363;0,;92,04615784;
0:0:17:625;57,52884674;15,12309647;541,2258301;0,5751999617;-3,027013779;0,1954991221;0,;92,04615784;
0:0:17:655;57,52884674;15,12477207;541,3713379;0,5759999752;-3,026072264;0,1964243501;0,;92,04615784;
0:0:17:687;57,52884674;15,12477207;541,4794922;0,5759999752;-3,024000883;0,1983214319;0,;92,04615784;
0:0:17:718;57,52884674;15,12477207;541,6057739;0,5759999752;-3,020800114;0,2006865144;0,;92,04615784;
0:0:17:750;57,52884674;15,12621689;541,7055664;0,5759999752;-3,017975569;0,2022298276;0,;92,04615784;
0:0:17:780;57,52884674;15,12621689;541,7878418;0,5759999752;-3,014209509;0,2035128772;0,;92,04615784;
0:0:17:812;57,52884674;15,12621689;541,951416;0,5751999617;-3,008937836;0,2035309821;0,;92,04615784;
0:0:17:843;57,52884674;15,12789249;542,1260376;0,5751999617;-3,005172014;0,2028994262;0,;92,04615784;
0:0:17:875;57,52884674;15,12789249;542,3772583;0,5744000077;-3,001971245;0,2017794251;0,;92,04615784;
0:0:17:905;57,52884674;15,12789249;542,6851807;0,5735999942;-3,000088215;0,2012286186;0,;92,04615784;
0:0:17:937;57,52884674;15,1295681;543,0117798;0,5727999806;-2,998769999;0,2006902546;0,;92,04615784;
0:0:17:968;57,52884674;15,1295681;543,2017822;0,5727999806;-2,998769999;0,2006902546;0,;92,04615784;
0:0:18:0;57,52884674;15,1295681;543,3474731;0,5719999671;-2,999523401;0,2011125386;0,;92,04615784;
0:0:18:30;57,52884674;15,1295681;543,4195557;0,5712000132;-3,001971245;0,2023058683;0,;92,04615784;
0:0:18:62;57,52884674;15,13101292;543,4851074;0,5703999996;-3,007243395;0,2044731975;0,;92,04615784;
0:0:18:92;57,52884674;15,13101292;543,4696045;0,5703999996;-3,011762142;0,2062056214;0,;92,04615784;
0:0:18:125;57,52884674;15,13101292;543,4307251;0,5712000132;-3,016281366;0,2078257054;0,;92,04615784;
0:0:18:155;57,52884674;15,13268852;543,4073486;0,5712000132;-3,020988226;0,208334595;0,;92,04615784;
0:0:18:187;57,52884674;15,13268852;543,3862305;0,5719999671;-3,024377108;0,2082943767;0,;92,04615784;
0:0:18:217;57,52884674;15,13268852;543,4400024;0,5727999806;-3,027390003;0,2078335881;0,;92,04615784;
0:0:18:250;57,52884674;15,13436413;543,5598145;0,5735999942;-3,029272795;0,207095176;0,;92,04615784;
0:0:18:280;57,52884674;15,13436413;543,7910767;0,5751999617;-3,029649496;0,2069451064;0,;92,04615784;
0:0:18:312;57,52884674;15,13436413;544,0128174;0,5751999617;-3,028331518;0,2078085542;0,;92,04615784;
0:0:18:343;57,52884674;15,13580894;544,2474365;0,5759999752;-3,026448488;0,2092148066;0,;92,04615784;
0:0:18:375;57,52884674;15,13580894;544,4767456;0,5751999617;-3,023058414;0,2112278193;0,;92,04615784;
0:0:18:405;57,52884674;15,13580894;544,633606;0,5759999752;-3,02042222;0,2118242383;0,;92,04615784;
0:0:18:437;57,52884674;15,13580894;544,746521;0,5751999617;-3,016467571;0,2124874145;0,;92,04615784;
0:0:18:468;57,52884674;15,13580894;544,8196411;0,5751999617;-3,012701988;0,2120165378;0,;92,04615784;
0:0:18:500;57,52884674;15,13580894;544,9266968;0,5744000077;-3,008183002;0,2111935169;0,;92,04615784;
0:0:18:530;57,52884674;15,13748455;545,0274048;0,5735999942;-3,005546808;0,2104284912;0,;92,04615784;
0:0:18:562;57,52884674;15,13748455;545,1748047;0,5735999942;-3,004040003;0,209830299;0,;92,04615784;
0:0:18:593;57,52884674;15,13748455;545,4546509;0,5727999806;-3,00272131;0,2094239891;0,;92,04615784;
0:0:18:625;57,52884674;15,13916016;545,7146606;0,5727999806;-3,00290966;0,2094583213;0,;92,04615784;
0:0:18:655;57,52884674;15,13916016;545,9720459;0,5719999671;-3,004228354;0,2099478245;0,;92,04615784;
0:0:18:687;57,52884674;15,13916016;546,2125244;0,5712000132;-3,00705266;0,2109299898;0,;92,04615784;
0:0:18:718;57,52884674;15,14060497;546,4584351;0,5703999996;-3,011759758;0,2116370052;0,;92,04615784;
0:0:18:750;57,52884674;15,14060497;546,6112671;0,5712000132;-3,015902281;0,2126713842;0,;92,04615784;
0:0:18:780;57,52884674;15,14060497;546,7192383;0,5712000132;-3,019667864;0,2130845934;0,;92,04615784;
0:0:18:812;57,52884674;15,14228058;546,7790527;0,5719999671;-3,023622036;0,2127804011;0,;92,04615784;
0:0:18:843;57,52884674;15,14228058;546,8403931;0,5727999806;-3,02625823;0,2121469676;0,;92,04615784;
0:0:18:875;57,52884674;15,14228058;546,9360962;0,5735999942;-3,027764797;0,2117451131;0,;92,04615784;
0:0:18:905;57,52884674;15,14395618;547,0822144;0,5744000077;-3,028329611;0,2115291804;0,;92,04615784;
0:0:18:937;57,52884674;15,14395618;547,3096313;0,5759999752;-3,027011871;0,2123653144;0,;92,04615784;
0:0:18:968;57,52884674;15,14395618;547,5033569;0,5759999752;-3,024563789;0,2141844183;0,;92,04615784;
0:0:19:0;57,52884674;15,145401;547,7087402;0,5759999752;-3,02154994;0,2159097046;0,;92,04615784;
0:0:19:30;57,52884674;15,145401;547,9139404;0,5759999752;-3,017783403;0,2171739191;0,;92,04615784;
0:0:19:62;57,52884674;15,145401;548,126709;0,5759999752;-3,012510538;0,2180919349;0,;92,04615784;
0:0:19:92;57,52884674;15,14707661;548,2438965;0,5759999752;-3,007613897;0,2178824246;0,;92,04615784;
0:0:19:125;57,52884674;15,14707661;548,3244019;0,5751999617;-3,002340555;0,2170056701;0,;92,04615784;
0:0:19:155;57,52884674;15,14707661;548,3305664;0,5751999617;-2,996879578;0,2149702609;0,;92,04615784;
0:0:19:187;57,52884674;15,14875221;548,3495483;0,5744000077;-2,993678808;0,2137895077;0,;92,04615784;
0:0:19:217;57,52884674;15,14875221;548,3712158;0,5735999942;-2,991230726;0,2125652879;0,;92,04615784;
0:0:19:250;57,52884674;15,14875221;548,4535522;0,5727999806;-2,990100861;0,2119628638;0,;92,04615784;
0:0:19:280;57,52884674;15,15019703;548,6279297;0,5719999671;-2,990288973;0,2120916843;0,;92,04615784;
0:0:19:312;57,52884674;15,15019703;548,8425903;0,5712000132;-2,99217248;0,2129508704;0,;92,04615784;
0:0:19:343;57,52884674;15,15019703;549,0700073;0,5703999996;-2,9955616;0,2140332013;0,;92,04615784;
0:0:19:375;57,52884674;15,15187263;549,291626;0,5703999996;-3,000269413;0,2157230824;0,;92,04615784;
0:0:19:405;57,52884674;15,15187263;549,5557861;0,5703999996;-3,00686121;0,2168679982;0,;92,04615784;
0:0:19:437;57,52884674;15,15187263;549,7180786;0,5712000132;-3,011569262;0,2168247402;0,;92,04615784;
0:0:19:468;57,52884674;15,15354824;549,8572998;0,5719999671;-3,016088963;0,2164120823;0,;92,04615784;
0:0:19:500;57,52884674;15,15354824;549,9903564;0,5719999671;-3,020797014;0,2148521543;0,;92,04615784;
0:0:19:530;57,52884674;15,15354824;550,0844727;0,5727999806;-3,023810148;0,2137930542;0,;92,04615784;
0:0:19:562;57,52884674;15,15497208;550,1928711;0,5735999942;-3,02569294;0,2129407227;0,;92,04615784;
0:0:19:593;57,52884674;15,15497208;550,3914185;0,5751999617;-3,026257753;0,2125644088;0,;92,04615784;
0:0:19:625;57,52884674;15,15497208;550,6026001;0,5751999617;-3,025128126;0,213315025;0,;92,04615784;
0:0:19:655;57,52884674;15,15666866;550,8909912;0,5751999617;-3,023433447;0,2141766399;0,;92,04615784;
0:0:19:687;57,52884674;15,15666866;551,1803589;0,5751999617;-3,021173716;0,2149698287;0,;92,04615784;
0:0:19:718;57,52884674;15,15666866;551,477478;0,5751999617;-3,017407656;0,2153290212;0,;92,04615784;
0:0:19:750;57,52884674;15,15834427;551,6447754;0,5751999617;-3,013641596;0,2148809731;0,;92,04615784;
0:1:19:46;57,52884674;16,10416603;542,8694458;0,5751999617;-2,985398054;0,2110259384;0,;92,04615784;
0:1:19:78;57,52884674;16,10416603;543,0748291;0,5751999617;-2,980878592;0,2087634802;0,;92,04615784;
0:1:19:108;57,52884674;16,10584068;543,2368164;0,5744000077;-2,977301121;0,2075266987;0,;92,04615784;
0:1:19:140;57,52884674;16,10584068;543,3868408;0,5735999942;-2,974099636;0,2059130967;0,;92,04615784;
0:1:19:171;57,52884674;16,10584068;543,480957;0,5735999942;-2,972593069;0,2050709128;0,;92,04615784;
0:1:19:203;57,52884674;16,10751534;543,5772095;0,5727999806;-2,972216606;0,2049447596;0,;92,04615784;
0:1:19:233;57,52884674;16,10751534;543,7272949;0,5719999671;-2,97296977;0,2051962316;0,;92,04615784;
0:1:19:265;57,52884674;16,10751534;543,8874512;0,5712000132;-2,975040913;0,2059592754;0,;92,04615784;
0:1:19:296;57,52884674;16,10896111;544,107666;0,5712000132;-2,978806734;0,2071298212;0,;92,04615784;
0:1:19:328;57,52884674;16,10896111;544,3612671;0,5712000132;-2,98332572;0,2074131072;0,;92,04615784;
0:1:19:358;57,52884674;16,10896111;544,7144165;0,5712000132;-2,988974571;0,2076283544;0,;92,04615784;
0:1:19:390;57,52884674;16,11063576;544,9503174;0,5719999671;-2,993117332;0,2072611749;0,;92,04615784;
0:1:19:421;57,52884674;16,11063576;545,1654053;0,5719999671;-2,996883631;0,2063864768;0,;92,04615784;
0:1:19:453;57,52884674;16,11063576;545,3423462;0,5727999806;-3,000461102;0,205316335;0,;92,04615784;
0:1:19:483;57,52884674;16,11231041;545,4945679;0,5735999942;-3,004038811;0,2033942342;0,;92,04615784;
0:1:19:515;57,52884674;16,11231041;545,5899658;0,5744000077;-3,005357027;0,2026701421;0,;92,04615784;
0:1:19:546;57,52884674;16,11231041;545,6508789;0,5751999617;-3,005357027;0,2026701421;0,;92,04615784;
0:1:19:578;57,52884674;16,11375618;545,7329712;0,5759999752;-3,004415512;0,2034623176;0,;92,04615784;
0:1:19:608;57,52884674;16,11375618;545,8916016;0,5759999752;-3,00196743;0,2054363936;0,;92,04615784;
0:1:19:640;57,52884674;16,11375618;546,0419312;0,5759999752;-2,999519587;0,2070202231;0,;92,04615784;
0:1:19:671;57,52884674;16,11543083;546,2141113;0,5751999617;-2,997071743;0,2077969164;0,;92,04615784;
0:1:19:703;57,52884674;16,11543083;546,4666138;0,5751999617;-2,993305922;0,2078172266;0,;92,04615784;
0:1:19:733;57,52884674;16,11543083;546,6564331;0,5751999617;-2,990293026;0,2077842802;0,;92,04615784;
0:1:19:765;57,52884674;16,11710548;546,8549194;0,5744000077;-2,987844944;0,2073410004;0,;92,04615784;
0:1:19:796;57,52884674;16,11710548;546,9901733;0,5735999942;-2,986527205;0,2070836127;0,;92,04615784;
0:1:19:828;57,52884674;16,11710548;547,0639648;0,5727999806;-2,985962391;0,2069337517;0,;92,04615784;
0:1:19:858;57,52884674;16,11855125;547,0637207;0,5727999806;-2,986715317;0,2071331292;0,;92,04615784;
0:1:19:890;57,52884674;16,11855125;547,0248413;0,5719999671;-2,988598347;0,2076186836;0,;92,04615784;
0:1:19:921;57,52884674;16,11855125;547,0023193;0,5712000132;-2,991799355;0,2085725814;0,;92,04615784;
0:1:19:953;57,52884674;16,12022591;547,0588379;0,5703999996;-2,997825146;0,2101599127;0,;92,04615784;
0:1:19:983;57,52884674;16,12022591;547,1838989;0,5703999996;-3,003097773;0,211178124;0,;92,04615784;
0:1:20:15;57,52884674;16,12022591;547,3685913;0,5703999996;-3,008370161;0,212059781;0,;92,04615784;
0:1:20:46;57,52884674;16,12190056;547,6488647;0,5712000132;-3,014584064;0,2124273926;0,;92,04615784;
0:1:20:78;57,52884674;16,12190056;547,8574829;0,5712000132;-3,01910305;0,2119419724;0,;92,04615784;
0:1:20:108;57,52884674;16,12190056;548,0499878;0,5719999671;-3,023245573;0,2109918743;0,;92,04615784;
0:1:20:140;57,52884674;16,12334633;548,2114868;0,5727999806;-3,02606988;0,2101178169;0,;92,04615784;
0:1:20:171;57,52884674;16,12334633;548,333252;0,5735999942;-3,028141022;0,2093266696;0,;92,04615784;
0:1:20:203;57,52884674;16,12334633;548,4008789;0,5744000077;-3,028141022;0,2093266696;0,;92,04615784;
0:1:20:233;57,52884674;16,12502098;548,4291992;0,5744000077;-3,027387619;0,2096170634;0,;92,04615784;
0:1:20:265;57,52884674;16,12502098;548,4597168;0,5751999617;-3,02569294;0,2103435248;0,;92,04615784;
0:1:20:296;57,52884674;16,12502098;548,5148926;0,5751999617;-3,02249217;0,2111783773;0,;92,04615784;
0:1:20:328;57,52884674;16,12669563;548,6109619;0,5751999617;-3,01910305;0,2111877352;0,;92,04615784;
0:1:20:358;57,52884674;16,12669563;548,7940674;0,5744000077;-3,015713692;0,2100484967;0,;92,04615784;
0:1:20:390;57,52884674;16,12669563;549,0335693;0,5744000077;-3,012701035;0,2089838386;0,;92,04615784;
0:1:20:421;57,52884674;16,12812042;549,3336182;0,5735999942;-3,009123564;0,2071866691;0,;92,04615784;
0:1:20:453;57,52884674;16,12812042;549,5291748;0,5727999806;-3,006864309;0,2057935894;0,;92,04615784;
0:1:20:483;57,52884674;16,12812042;549,6654053;0,5727999806;-3,006110907;0,2053213269;0,;92,04615784;
0:1:20:515;57,52884674;16,12812042;549,7267456;0,5719999671;-3,006299019;0,2054401487;0,;92,04615784;
0:1:20:546;57,52884674;16,12812042;549,7540894;0,5712000132;-3,007805824;0,2060343027;0,;92,04615784;
0:1:20:578;57,52884674;16,12812042;549,7392578;0,5703999996;-3,011006832;0,2070408612;0,;92,04615784;
0:1:20:608;57,52884674;16,12812042;549,7341309;0,5703999996;-3,015526295;0,2086707056;0,;92,04615784;
0:1:20:640;57,52884674;16,12981606;549,7922974;0,5703999996;-3,021741152;0,2098475546;0,;92,04615784;
0:1:20:671;57,52884674;16,12981606;549,8847046;0,5712000132;-3,026637793;0,2097356617;0,;92,04615784;
0:1:20:703;57,52884674;16,12981606;550,0318604;0,5712000132;-3,031157255;0,2089838684;0,;92,04615784;
0:1:20:733;57,52884674;16,13149071;550,2593994;0,5719999671;-3,03643012;0,2075524479;0,;92,04615784;
0:1:20:765;57,52884674;16,13149071;550,440918;0,5727999806;-3,040008545;0,2058011144;0,;92,04615784;
0:1:20:796;57,52884674;16,13149071;550,6223145;0,5735999942;-3,042645216;0,204242453;0,;92,04615784;
0:1:20:828;57,52884674;16,1329155;550,7575073;0,5744000077;-3,043962955;0,2032715529;0,;92,04615784;
0:1:20:858;57,52884674;16,1329155;550,8438721;0,5751999617;-3,043774605;0,2034481466;0,;92,04615784;
0:1:20:890;57,52884674;16,1329155;550,8574219;0,5751999617;-3,042457104;0,2044172436;0,;92,04615784;
0:1:20:921;57,52884674;16,13461113;550,8384399;0,5751999617;-3,040762663;0,2054594159;0,;92,04615784;
0:1:20:953;57,52884674;16,13461113;550,8370361;0,5751999617;-3,03793788;0,2065533549;0,;92,04615784;
0:1:20:983;57,52884674;16,13461113;550,8562012;0,5759999752;-3,032853603;0,2077816725;0,;92,04615784;
0:1:21:15;57,52884674;16,13628578;550,9152222;0,5751999617;-3,028333902;0,208574906;0,;92,04615784;
0:1:21:46;57,52884674;16,13628578;551,0224609;0,5751999617;-3,024568319;0,2083093971;0,;92,04615784;
0:1:21:78;57,52884674;16,13628578;551,1936646;0,5744000077;-3,020426035;0,2074264288;0,;92,04615784;
0:1:21:108;57,52884674;16,13771057;551,3638306;0,5735999942;-3,017789841;0,2068032175;0,;92,04615784;
0:1:21:140;57,52884674;16,13771057;551,5319214;0,5735999942;-3,016283035;0,2062840164;0,;92,04615784;
1:24:9:78;286,9656372;403,8953552;543,1166382;0,6024000049;0,4265196621;5,530777574e-002;0,;459,1450195;
1:24:9:109;286,9656372;403,8953552;543,2062988;0,6031999588;0,4280259907;5,443410575e-002;0,;459,1450195;
1:24:9:140;286,9656372;403,9037476;543,4135132;0,6031999588;0,4295323491;5,35036698e-002;0,;459,1450195;
1:24:9:171;286,9656372;403,9037476;543,6091309;0,6024000049;0,4310387075;5,251361802e-002;0,;459,1450195;
1:24:9:203;286,9656372;403,9037476;543,9213867;0,6024000049;0,4317918718;5,130874738e-002;0,;459,1450195;
1:24:9:234;286,9656372;403,9121094;544,0802612;0,6024000049;0,4325450361;5,006344244e-002;0,;459,1450195;
1:24:9:265;286,9656372;403,9121094;544,2067261;0,6031999588;0,4336748123;4,88445051e-002;0,;459,1450195;
1:24:9:296;286,9656372;403,9121094;544,137085;0,6024000049;0,4346162677;4,86426577e-002;0,;459,1450195;
1:24:9:328;286,9656372;403,919281;544,0725708;0,6024000049;0,4342396855;4,857995734e-002;0,;459,1450195;
1:24:9:359;286,9656372;403,919281;543,7178345;0,6024000049;0,4344279766;4,824569076e-002;0,;459,1450195;
1:24:9:390;286,9656372;403,919281;543,5689087;0,6031999588;0,4346162677;4,827680066e-002;0,;459,1450195;
1:24:9:421;286,9656372;403,919281;543,3734131;0,6031999588;0,4351811409;4,836594313e-002;0,;459,1450195;
1:24:9:453;286,9656372;403,9276428;543,171936;0,6024000049;0,435369432;4,839428142e-002;0,;459,1450195;
1:24:9:484;286,9656372;403,9276428;543,1548462;0,6024000049;0,435369432;4,839428142e-002;0,;459,1450195;
1:24:9:515;286,9656372;403,9276428;543,1031494;0,6031999588;0,435369432;4,839428142e-002;0,;459,1450195;
1:24:9:546;286,9656372;403,9276428;543,1694336;0,6031999588;0,435369432;4,839428142e-002;0,;459,1450195;
1:24:9:578;286,9656372;403,9276428;543,4047241;0,6024000049;0,4348045588;4,830720276e-002;0,;459,1450195;
1:24:9:609;286,9656372;403,9276428;543,5663452;0,6024000049;0,4342396855;4,821362719e-002;0,;459,1450195;
1:24:9:640;286,9656372;403,9432068;543,5801392;0,6024000049;0,4340513945;4,818084836e-002;0,;459,1450195;
1:24:9:671;286,9656372;403,9432068;543,7005005;0,6031999588;0,4336748719;4,811308533e-002;0,;459,1450195;
1:24:9:703;286,9656372;403,9432068;543,9136963;0,6024000049;0,4334865808;4,807811975e-002;0,;459,1450195;
1:24:9:734;286,9656372;403,9432068;544,0529785;0,6024000049;0,4334865808;4,807811975e-002;0,;459,1450195;
1:24:9:765;286,9656372;403,9432068;544,2826538;0,6024000049;0,4334865808;4,807811975e-002;0,;459,1450195;
1:24:9:796;286,9656372;403,9432068;544,4146118;0,6031999588;0,4332982898;4,804243147e-002;0,;459,1450195;
1:24:9:828;286,9656372;403,9515686;544,2810669;0,6024000049;0,4329216778;4,796858877e-002;0,;459,1450195;
1:24:9:859;286,9656372;403,9515686;544,3620605;0,6024000049;0,4325450957;4,789152741e-002;0,;459,1450195;
1:24:9:890;286,9656372;403,9515686;543,9970093;0,6024000049;0,4323568046;4,785189405e-002;0,;459,1450195;
1:24:9:921;286,9656372;403,9599609;543,7052002;0,6024000049;0,4325450957;4,789152741e-002;0,;459,1450195;
1:24:9:953;286,9656372;403,9599609;543,5916138;0,6024000049;0,4323568046;4,785189405e-002;0,;459,1450195;
1:24:9:984;286,9656372;403,9599609;543,3168945;0,6024000049;0,4319802225;4,777039587e-002;0,;459,1450195;
1:24:10:15;286,9656372;403,9671326;543,253479;0,6031999588;0,4319802225;4,777039587e-002;0,;459,1450195;
1:24:10:46;286,9656372;403,9671326;543,173584;0,6031999588;0,4327333868;4,793040827e-002;0,;459,1450195;
1:24:10:78;286,9656372;403,9671326;543,1419678;0,6024000049;0,4334865808;4,807812348e-002;0,;459,1450195;
1:24:10:109;286,9656372;403,9755249;543,1741943;0,6024000049;0,4334865808;4,807812348e-002;0,;459,1450195;
1:24:10:140;286,9656372;403,9755249;543,444397;0,6031999588;0,4340513945;4,818084836e-002;0,;459,1450195;
1:24:10:171;286,9656372;403,9755249;543,3706665;0,6031999588;0,4348045588;4,830719903e-002;0,;459,1450195;
1:24:10:203;286,9656372;403,9838867;543,460022;0,6031999588;0,4355577528;4,842155054e-002;0,;459,1450195;
1:24:10:234;286,9656372;403,9838867;543,630188;0,6031999588;0,435934335;4,847435281e-002;0,;459,1450195;
1:24:10:265;286,9656372;403,9838867;543,8620605;0,6031999588;0,4366874993;4,857080802e-002;0,;459,1450195;
1:24:10:296;286,9656372;403,9910583;544,2220459;0,6031999588;0,4370640814;4,86145243e-002;0,;459,1450195;
1:24:10:328;286,9656372;403,9910583;544,3982544;0,6031999588;0,4378171861;4,869320989e-002;0,;459,1450195;
1:24:10:359;286,9656372;403,9910583;544,3728638;0,6024000049;0,4378171861;4,869320989e-002;0,;459,1450195;
1:24:10:390;286,9656372;403,9994202;544,2438354;0,6024000049;0,4378171861;4,869320989e-002;0,;459,1450195;
1:24:10:421;286,9656372;403,9994202;543,932312;0,6024000049;0,4378171861;4,869320989e-002;0,;459,1450195;
1:24:10:453;286,9656372;403,9994202;543,5413208;0,6031999588;0,4381937981;4,872816801e-002;0,;459,1450195;
1:24:10:484;286,9656372;404,0078125;543,3600464;0,6024000049;0,4381937981;4,872816801e-002;0,;459,1450195;
1:24:10:515;286,9656372;404,0078125;543,1906128;0,6024000049;0,4376289546;4,867471009e-002;0,;459,1450195;
1:24:10:546;286,9656372;404,0078125;543,121521;0,6024000049;0,4374406636;4,865545779e-002;0,;459,1450195;
1:24:10:578;286,9656372;404,0149841;543,2094727;0,6024000049;0,4370640814;4,86145243e-002;0,;459,1450195;
